 +00:00.000   Session started

 +00:00.027   [+] Opened port COM6 baud: 38400 bps DTR: off RTS: off DSR: off CTS: off 

 +00:03.145 > 0000  01 01 10 01 05 02 50 69 6e 67 59 04 01 02 10 01  ......PingY.....
 +00:03.193 > 0010  05 02 50 69 6e 67 58 04 01 03 10 01 05 02 50 69  ..PingX.......Pi
 +00:03.241 > 0020  6e 67 57 04 01 04 10 01 05 02 50 69 6e 67 56 04  ngW.......PingV.
 +00:03.338 > 0030  01 05 10 01 05 02 50 69 6e 67 55 04 01 06 10 01  ......PingU.....
 +00:03.386 > 0040  05 02 50 69 6e 67 54 04 01 07 10 01 05 02 50 69  ..PingT.......Pi
 +00:03.434 > 0050  6e 67 53 04 01 08 10 01 05 02 50 69 6e 67 52 04  ngS.......PingR.
 +00:03.546 > 0060  01 09 10 01 05 02 50 69 6e 67 51 04 01 0a 10 01  ......PingQ.....
 +00:03.595 > 0070  05 02 50 69 6e 67 50 04 01 0b 10 01 05 02 50 69  ..PingP.......Pi
 +00:03.643 > 0080  6e 67 4f 04 01 0c 10 01 05 02 50 69 6e 67 4e 04  ngO.......PingN.
 +00:03.739 > 0090  01 0d 10 01 05 02 50 69 6e 67 4d 04 01 0e 10 01  ......PingM.....
 +00:03.787 > 00a0  05 02 50 69 6e 67 4c 04 01 0f 10 01 05 02 50 69  ..PingL.......Pi
 +00:03.835 > 00b0  6e 67 4b 04 01 11 10 01 05 02 50 69 6e 67 49 04  ngK.......PingI.
 +00:03.948 > 00c0  01 12 10 01 05 02 50 69 6e 67 48 04 01 13 10 01  ......PingH.....
 +00:03.996 > 00d0  05 02 50 69 6e 67 47 04 01 14 10 01 05 02 50 69  ..PingG.......Pi
 +00:04.044 > 00e0  6e 67 46 04 01 15 10 01 05 02 50 69 6e 67 45 04  ngF.......PingE.
 +00:04.140 > 00f0  01 16 10 01 05 02 50 69 6e 67 44 04 01 17 10 01  ......PingD.....
 +00:04.188 > 0100  05 02 50 69 6e 67 43 04 01 18 10 01 05 02 50 69  ..PingC.......Pi
 +00:04.236 > 0110  6e 67 42 04 01 19 10 01 05 02 50 69 6e 67 41 04  ngB.......PingA.
 +00:04.333 > 0120  01 1a 10 01 05 02 50 69 6e 67 40 04 01 1b 10 01  ......Ping@.....
 +00:04.397 > 0130  05 02 50 69 6e 67 3f 04 01 1c 10 01 05 02 50 69  ..Ping?.......Pi
 +00:04.445 > 0140  6e 67 3e 04 01 1d 10 01 05 02 50 69 6e 67 3d 04  ng>.......Ping=.
 +00:04.541 > 0150  01 1e 10 01 05 02 50 69 6e 67 3c 04 01 1f 10 01  ......Ping<.....
 +00:09.645 > 0160  05 02 50 69 6e 67 3b 04 01 01 10 01 05 02 50 69  ..Ping;.......Pi
 +00:09.709 > 0170  6e 67 59 04 01 02 10 01 05 02 50 69 6e 67 58 04  ngY.......PingX.
 +00:09.806 > 0180  01 03 10 01 05 02 50 69 6e 67 57 04 01 04 10 01  ......PingW.....
 +00:09.870 > 0190  05 02 50 69 6e 67 56 04 01 05 10 01 05 02 50 69  ..PingV.......Pi
 +00:09.918 > 01a0  6e 67 55 04 01 06 10 01 05 02 50 69 6e 67 54 04  ngU.......PingT.
 +00:10.014 > 01b0  01 07 10 01 05 02 50 69 6e 67 53 04 01 08 10 01  ......PingS.....
 +00:10.062 > 01c0  05 02 50 69 6e 67 52 04 01 09 10 01 05 02 50 69  ..PingR.......Pi
 +00:10.110 > 01d0  6e 67 51 04 01 0a 10 01 05 02 50 69 6e 67 50 04  ngQ.......PingP.
 +00:10.207 > 01e0  01 0b 10 01 05 02 50 69 6e 67 4f 04 01 0c 10 01  ......PingO.....
 +00:10.271 > 01f0  05 02 50 69 6e 67 4e 04 01 0d 10 01 05 02 50 69  ..PingN.......Pi
 +00:10.319 > 0200  6e 67 4d 04 01 0e 10 01 05 02 50 69 6e 67 4c 04  ngM.......PingL.
 +00:10.415 > 0210  01 0f 10 01 05 02 50 69 6e 67 4b 04 01 11 10 01  ......PingK.....
 +00:10.464 > 0220  05 02 50 69 6e 67 49 04 01 12 10 01 05 02 50 69  ..PingI.......Pi
 +00:10.512 > 0230  6e 67 48 04 01 13 10 01 05 02 50 69 6e 67 47 04  ngH.......PingG.
 +00:10.608 > 0240  01 14 10 01 05 02 50 69 6e 67 46 04 01 15 10 01  ......PingF.....
 +00:10.656 > 0250  05 02 50 69 6e 67 45 04 01 16 10 01 05 02 50 69  ..PingE.......Pi
 +00:10.720 > 0260  6e 67 44 04 01 17 10 01 05 02 50 69 6e 67 43 04  ngD.......PingC.
 +00:10.817 > 0270  01 18 10 01 05 02 50 69 6e 67 42 04 01 19 10 01  ......PingB.....
 +00:10.865 > 0280  05 02 50 69 6e 67 41 04 01 1a 10 01 05 02 50 69  ..PingA.......Pi
 +00:10.913 > 0290  6e 67 40 04 01 1b 10 01 05 02 50 69 6e 67 3f 04  ng@.......Ping?.
 +00:11.009 > 02a0  01 1c 10 01 05 02 50 69 6e 67 3e 04 01 1d 10 01  ......Ping>.....
 +00:11.057 > 02b0  05 02 50 69 6e 67 3d 04 01 1e 10 01 05 02 50 69  ..Ping=.......Pi
 +00:11.122 > 02c0  6e 67 3c 04 01 1f 10 01 05 02 50 69 6e 67 3b 04  ng<.......Ping;.
 +00:16.273 > 02d0  01 01 10 01 05 02 50 69 6e 67 59 04 01 02 10 01  ......PingY.....
 +00:16.322 > 02e0  05 02 50 69 6e 67 58 04 01 03 10 01 05 02 50 69  ..PingX.......Pi
 +00:16.370 > 02f0  6e 67 57 04 01 04 10 01 05 02 50 69 6e 67 56 04  ngW.......PingV.
 +00:16.466 > 0300  01 05 10 01 05 02 50 69 6e 67 55 04 01 06 10 01  ......PingU.....
 +00:16.530 > 0310  05 02 50 69 6e 67 54 04 01 07 10 01 05 02 50 69  ..PingT.......Pi
 +00:16.578 > 0320  6e 67 53 04 01 08 10 01 05 02 50 69 6e 67 52 04  ngS.......PingR.
 +00:16.675 > 0330  01 09 10 01 05 02 50 69 6e 67 51 04 01 0a 10 01  ......PingQ.....
 +00:16.739 > 0340  05 02 50 69 6e 67 50 04 01 0b 10 01 05 02 50 69  ..PingP.......Pi
 +00:16.787 > 0350  6e 67 4f 04 01 0c 10 01 05 02 50 69 6e 67 4e 04  ngO.......PingN.
 +00:16.883 > 0360  01 0d 10 01 05 02 50 69 6e 67 4d 04 01 0e 10 01  ......PingM.....
 +00:16.932 > 0370  05 02 50 69 6e 67 4c 04 01 0f 10 01 05 02 50 69  ..PingL.......Pi
 +00:16.980 > 0380  6e 67 4b 04 01 11 10 01 05 02 50 69 6e 67 49 04  ngK.......PingI.
 +00:17.076 > 0390  01 12 10 01 05 02 50 69 6e 67 48 04 01 13 10 01  ......PingH.....
 +00:17.140 > 03a0  05 02 50 69 6e 67 47 04 01 14 10 01 05 02 50 69  ..PingG.......Pi
 +00:17.188 > 03b0  6e 67 46 04 01 15 10 01 05 02 50 69 6e 67 45 04  ngF.......PingE.
 +00:17.285 > 03c0  01 16 10 01 05 02 50 69 6e 67 44 04 01 17 10 01  ......PingD.....
 +00:17.333 > 03d0  05 02 50 69 6e 67 43 04 01 18 10 01 05 02 50 69  ..PingC.......Pi
 +00:17.381 > 03e0  6e 67 42 04 01 19 10 01 05 02 50 69 6e 67 41 04  ngB.......PingA.
 +00:17.477 > 03f0  01 1a 10 01 05 02 50 69 6e 67 40 04 01 1b 10 01  ......Ping@.....
 +00:17.541 > 0400  05 02 50 69 6e 67 3f 04 01 1c 10 01 05 02 50 69  ..Ping?.......Pi
 +00:17.590 > 0410  6e 67 3e 04 01 1d 10 01 05 02 50 69 6e 67 3d 04  ng>.......Ping=.
 +00:17.686 > 0420  01 1e 10 01 05 02 50 69 6e 67 3c 04 01 1f 10 01  ......Ping<.....
 +00:22.790 > 0430  05 02 50 69 6e 67 3b 04 01 01 10 01 05 02 50 69  ..Ping;.......Pi
 +00:22.854 > 0440  6e 67 59 04 01 02 10 01 05 02 50 69 6e 67 58 04  ngY.......PingX.
 +00:22.950 > 0450  01 03 10 01 05 02 50 69 6e 67 57 04 01 04 10 01  ......PingW.....
 +00:22.998 > 0460  05 02 50 69 6e 67 56 04 01 05 10 01 05 02 50 69  ..PingV.......Pi
 +00:23.046 > 0470  6e 67 55 04 01 06 10 01 05 02 50 69 6e 67 54 04  ngU.......PingT.
 +00:23.143 > 0480  01 07 10 01 05 02 50 69 6e 67 53 04 01 08 10 01  ......PingS.....
 +00:23.191 > 0490  05 02 50 69 6e 67 52 04 01 09 10 01 05 02 50 69  ..PingR.......Pi
 +00:23.255 > 04a0  6e 67 51 04 01 0a 10 01 05 02 50 69 6e 67 50 04  ngQ.......PingP.
 +00:23.351 > 04b0  01 0b 10 01 05 02 50 69 6e 67 4f 04 01 0c 10 01  ......PingO.....
 +00:23.400 > 04c0  05 02 50 69 6e 67 4e 04 01 0d 10 01 05 02 50 69  ..PingN.......Pi
 +00:23.448 > 04d0  6e 67 4d 04 01 0e 10 01 05 02 50 69 6e 67 4c 04  ngM.......PingL.
 +00:23.544 > 04e0  01 0f 10 01 05 02 50 69 6e 67 4b 04 01 11 10 01  ......PingK.....
 +00:23.560 > 04f0  05 02 50 69 6e 67 49 04 01 10 11 01 05 03 50 69  ..PingI.......Pi
            > 0500  6e 67 48 04 01 12 10 01 05 02 50 69 6e 67 48 04  ngH.......PingH.
 +00:23.656 > 0510  01 13 10 01 05 02 50 69 6e 67 47 04 01 14 10 01  ......PingG.....
 +00:23.705 > 0520  05 02 50 69 6e 67 46 04 01 15 10 01 05 02 50 69  ..PingF.......Pi
 +00:23.753 > 0530  6e 67 45 04 01 16 10 01 05 02 50 69 6e 67 44 04  ngE.......PingD.
 +00:23.865 > 0540  01 17 10 01 05 02 50 69 6e 67 43 04 01 18 10 01  ......PingC.....
 +00:23.913 > 0550  05 02 50 69 6e 67 42 04 01 19 10 01 05 02 50 69  ..PingB.......Pi
 +00:23.961 > 0560  6e 67 41 04 01 1a 10 01 05 02 50 69 6e 67 40 04  ngA.......Ping@.
 +00:24.058 > 0570  01 1b 10 01 05 02 50 69 6e 67 3f 04 01 1c 10 01  ......Ping?.....
 +00:24.106 > 0580  05 02 50 69 6e 67 3e 04 01 1d 10 01 05 02 50 69  ..Ping>.......Pi
 +00:24.154 > 0590  6e 67 3d 04 01 1e 10 01 05 02 50 69 6e 67 3c 04  ng=.......Ping<.
 +00:24.331 > 05a0  01 1f 10 01 05 02 50 69 6e 67 3b 04 01 11 10 01  ......Ping;.....
 +00:24.346 > 05b0  01 04 d9 04 01 10 11 01 01 05 d8 04 01 10 11 01  ................
 +00:24.379 > 05c0  01 04 d9 04 01 11 10 01 01 05 d8 04 01 11 10 01  ................
 +00:24.411 > 05d0  01 04 d9 04 01 10 11 01 01 05 d8 04 01 10 11 01  ................
 +00:24.427 > 05e0  01 04 d9 04 01 11 10 01 01 05 d8 04 01 11 10 01  ................
 +00:24.459 > 05f0  01 04 d9 04 01 10 11 01 01 05 d8 04 01 10 11 01  ................
 +00:24.475 > 0600  01 04 d9 04 01 11 10 01 01 05 d8 04 01 11 10 01  ................
 +00:24.507 > 0610  01 04 d9 04 01 10 11 01 01 05 d8 04 01 10 11 01  ................
 +00:24.523 > 0620  01 04 d9 04 01 11 10 01 01 05 d8 04 01 11 10 01  ................
 +00:24.555 > 0630  01 04 d9 04 01 10 11 01 01 05 d8 04 01 10 11 01  ................
 +00:24.587 > 0640  01 04 d9 04 01 11 10 01 01 05 d8 04 01 11 10 01  ................
 +00:24.603 > 0650  01 04 d9 04 01 10 11 01 01 05 d8 04 01 10 11 01  ................
 +00:24.635 > 0660  01 04 d9 04 01 11 10 01 01 05 d8 04 01 11 10 01  ................
 +00:24.668 > 0670  01 04 d9 04 01 10 11 01 01 05 d8 04 01 10 11 01  ................
 +00:24.683 > 0680  01 04 d9 04 01 11 10 01 01 05 d8 04 01 11 10 01  ................
 +00:24.716 > 0690  01 04 d9 04 01 10 11 01 01 05 d8 04 01 10 11 01  ................
 +00:24.732 > 06a0  01 04 d9 04 01 11 10 01 01 05 d8 04 01 11 10 01  ................
 +00:24.764 > 06b0  01 04 d9 04 01 10 11 01 01 05 d8 04 01 10 11 01  ................
 +00:24.796 > 06c0  01 04 d9 04 01 11 10 01 01 05 d8 04 01 11 10 01  ................
 +00:24.812 > 06d0  01 04 d9 04 01 10 11 01 01 05 d8 04 01 10 11 01  ................
 +00:24.844 > 06e0  01 04 d9 04 01 11 10 01 01 05 d8 04 01 11 10 01  ................
 +00:24.860 > 06f0  01 04 d9 04 01 10 11 01 01 05 d8 04 01 10 11 01  ................
 +00:24.892 > 0700  01 04 d9 04 01 11 10 01 01 05 d8 04 01 11 10 01  ................
 +00:24.908 > 0710  01 04 d9 04 01 10 11 01 01 05 d8 04 01 10 11 01  ................
            > 0720  04 40 00 50 00 4a 04 01 11 10 01 03 41 00 50 4a  .@.P.J......A.PJ
 +00:24.924 > 0730  04 01 10 11 01 2d 20 14 00 00 20 02 20 04 21 05  .....- ... . .!.
            > 0740  21 06 21 07 21 08 21 09 21 0a 21 0b 21 0c 21 0e  !.!.!.!.!.!.!.!.
            > 0750  21 0a 22 0f 22 02 30 17 00 0e 50 0f 50 0a 50 0b  !.".".0...P.P.P.
 +00:24.940 > 0760  50 06 22 5b 04 01 11 10 01 71 21 0f 50 04 00 00  P."[.....q!.P...
            > 0770  2f 43 0e 50 04 00 00 2f 43 0b 50 04 00 00 00 42  /C.P.../C.P....B
            > 0780  0a 50 04 00 00 00 42 02 30 01 01 0f 22 01 00 0a  .P....B.0..."...
 +00:24.971 > 0790  22 04 00 00 20 42 06 22 04 00 00 2f 43 0e 21 01  "... B.".../C.!.
            > 07a0  01 0c 21 01 01 0b 21 01 01 0a 21 01 01 09 21 01  ..!...!...!...!.
            > 07b0  01 08 21 01 01 07 21 01 01 06 21 01 00 05 21 01  ..!...!...!...!.
            > 07c0  00 04 21 01 00 02 20 01 01 00 20 01 01 14 00 04  ..!... ... .....
 +00:24.987 > 07d0  4b 00 00 00 17 00 04 ff ff ff ff 5b 04 01 10 11  K..........[....
 +00:25.003 > 07e0  01 01 04 d9 04 01 11 10 01 01 05 d8 04 01 11 10  ................
 +00:25.036 > 07f0  01 01 04 d9 04 01 10 11 01 01 05 d8 04 01 10 11  ................
 +00:25.052 > 0800  01 01 04 d9 04 01 11 10 01 01 05 d8 04 01 11 10  ................
 +00:25.084 > 0810  01 01 04 d9 04 01 10 11 01 01 05 d8 04 01 10 11  ................
 +00:25.116 > 0820  01 01 04 d9 04 01 11 10 01 01 05 d8 04 01 11 10  ................
 +00:25.132 > 0830  01 01 04 d9 04 01 10 11 01 01 05 d8 04 01 10 11  ................
 +00:25.164 > 0840  01 01 04 d9 04 01 11 10 01 01 05 d8 04 01 11 10  ................
 +00:25.196 > 0850  01 01 04 d9 04 01 10 11 01 01 05 d8 04 01 10 11  ................
 +00:25.212 > 0860  01 01 04 d9 04 01 11 10 01 01 05 d8 04 01 11 10  ................
 +00:25.244 > 0870  01 01 04 d9 04 01 10 11 01 01 05 d8 04 01 10 11  ................
 +00:25.260 > 0880  01 01 04 d9 04 01 11 10 01 01 05 d8 04 01 11 10  ................
 +00:25.292 > 0890  01 01 04 d9 04 01 10 11 01 01 05 d8 04 01 10 11  ................
 +00:25.325 > 08a0  01 01 04 d9 04 01 11 10 01 01 05 d8 04 01 11 10  ................
 +00:25.341 > 08b0  01 01 04 d9 04 01 10 11 01 01 05 d8 04 01 10 11  ................
 +00:25.373 > 08c0  01 01 04 d9 04 01 11 10 01 01 05 d8 04 01 11 10  ................
 +00:25.389 > 08d0  01 01 04 d9 04 01 10 11 01 01 05 d8 04 01 10 11  ................
 +00:25.421 > 08e0  01 01 04 d9 04 01 11 10 01 01 05 d8 04 01 11 10  ................
 +00:25.453 > 08f0  01 01 04 d9 04 01 10 11 01 01 05 d8 04 01 10 11  ................
 +00:25.469 > 0900  01 01 04 d9 04 01 11 10 01 01 05 d8 04 01 11 10  ................
 +00:25.501 > 0910  01 01 04 d9 04 01 10 11 01 01 05 d8 04 01 10 11  ................
 +00:25.517 > 0920  01 01 04 d9 04 01 11 10 01 01 05 d8 04 01 11 10  ................
 +00:25.549 > 0930  01 01 04 d9 04 01 10 11 01 01 05 d8 04 01 10 11  ................
 +00:25.565 > 0940  01 01 04 d9 04 01 11 10 01 01 05 d8 04 01 11 10  ................
 +00:25.597 > 0950  01 01 04 d9 04 01 10 11 01 01 05 d8 04 01 10 11  ................
 +00:25.629 > 0960  01 01 04 d9 04 01 11 10 01 01 05 d8 04 01 11 10  ................
 +00:25.645 > 0970  01 01 04 d9 04 01 10 11 01 01 05 d8 04 01 10 11  ................
 +00:25.678 > 0980  01 01 04 d9 04 01 11 10 01 01 05 d8 04 01 11 10  ................
 +00:25.710 > 0990  01 01 04 d9 04 01 10 11 01 01 05 d8 04 01 10 11  ................
 +00:25.726 > 09a0  01 01 04 d9 04 01 11 10 01 01 05 d8 04 01 11 10  ................
 +00:25.758 > 09b0  01 01 04 d9 04 01 10 11 01 01 05 d8 04 01 10 11  ................
 +00:25.774 > 09c0  01 01 04 d9 04 01 11 10 01 01 05 d8 04 01 11 10  ................
 +00:25.806 > 09d0  01 01 04 d9 04 01 10 11 01 01 05 d8 04 01 10 11  ................
 +00:25.822 > 09e0  01 01 04 d9 04 01 11 10 01 01 05 d8 04 01 11 10  ................
 +00:25.854 > 09f0  01 01 04 d9 04 01 10 11 01 01 05 d8 04 01 10 11  ................
 +00:25.886 > 0a00  01 01 04 d9 04 01 11 10 01 01 05 d8 04 01 11 10  ................
 +00:25.902 > 0a10  01 01 04 d9 04 01 10 11 01 01 05 d8 04 01 10 11  ................
 +00:25.934 > 0a20  01 01 04 d9 04 01 11 10 01 01 05 d8 04 01 11 10  ................
 +00:25.950 > 0a30  01 01 04 d9 04 01 10 11 01 01 05 d8 04 01 10 11  ................
 +00:25.983 > 0a40  01 01 04 d9 04 01 11 10 01 01 05 d8 04 01 11 10  ................
 +00:25.999 > 0a50  01 01 04 d9 04 01 10 11 01 01 05 d8 04 01 10 11  ................
 +00:26.031 > 0a60  01 01 04 d9 04 01 11 10 01 01 05 d8 04 01 11 10  ................
 +00:26.047 > 0a70  01 01 04 d9 04 01 10 11 01 01 05 d8 04 01 10 11  ................
 +00:26.079 > 0a80  01 01 04 d9 04 01 11 10 01 01 05 d8 04 01 11 10  ................
 +00:26.111 > 0a90  01 01 04 d9 04 01 10 11 01 01 05 d8 04 01 10 11  ................
 +00:26.144 > 0aa0  01 01 04 d9 04 01 11 10 01 01 05 d8 04 01 11 10  ................
 +00:26.159 > 0ab0  01 01 04 d9 04 01 10 11 01 01 05 d8 04 01 10 11  ................
 +00:26.191 > 0ac0  01 01 04 d9 04 01 11 10 01 01 05 d8 04 01 11 10  ................
 +00:26.207 > 0ad0  01 01 04 d9 04 01 10 11 01 01 05 d8 04 01 10 11  ................
 +00:26.240 > 0ae0  01 01 04 d9 04 01 11 10 01 01 05 d8 04 01 11 10  ................
 +00:26.271 > 0af0  01 01 04 d9 04 01 10 11 01 01 05 d8 04 01 10 11  ................
 +00:26.287 > 0b00  01 01 04 d9 04 01 11 10 01 01 05 d8 04 01 11 10  ................
 +00:26.320 > 0b10  01 01 04 d9 04 01 10 11 01 01 05 d8 04 01 10 11  ................
 +00:26.336 > 0b20  01 01 04 d9 04 01 11 10 01 01 05 d8 04 01 11 10  ................
 +00:26.368 > 0b30  01 01 04 d9 04 01 10 11 01 01 05 d8 04 01 10 11  ................
 +00:26.384 > 0b40  01 01 04 d9 04 01 11 10 01 01 05 d8 04 01 11 10  ................
 +00:26.416 > 0b50  01 01 04 d9 04 01 10 11 01 01 05 d8 04 01 10 11  ................
 +00:26.432 > 0b60  01 01 04 d9 04 01 11 10 01 01 05 d8 04 01 11 10  ................
 +00:26.464 > 0b70  01 01 04 d9 04 01 10 11 01 01 05 d8 04 01 10 11  ................
 +00:26.496 > 0b80  01 01 04 d9 04 01 11 10 01 01 05 d8 04 01 11 10  ................
 +00:26.512 > 0b90  01 01 04 d9 04 01 10 11 01 01 05 d8 04 01 10 11  ................
 +00:26.544 > 0ba0  01 01 04 d9 04 01 11 10 01 01 05 d8 04 01 11 10  ................
 +00:26.560 > 0bb0  01 01 04 d9 04 01 10 11 01 01 05 d8 04 01 10 11  ................
 +00:26.593 > 0bc0  01 01 04 d9 04 01 11 10 01 01 05 d8 04 01 11 10  ................
 +00:26.608 > 0bd0  01 01 04 d9 04 01 10 11 01 01 05 d8 04 01 10 11  ................
 +00:26.641 > 0be0  01 01 04 d9 04 01 11 10 01 01 05 d8 04 01 11 10  ................
 +00:26.673 > 0bf0  01 01 04 d9 04 01 10 11 01 01 05 d8 04 01 10 11  ................
 +00:26.689 > 0c00  01 01 04 d9 04 01 11 10 01 01 05 d8 04 01 11 10  ................
 +00:26.721 > 0c10  01 01 04 d9 04 01 10 11 01 01 05 d8 04 01 10 11  ................
 +00:26.753 > 0c20  01 01 04 d9 04 01 11 10 01 01 05 d8 04 01 11 10  ................
 +00:26.769 > 0c30  01 01 04 d9 04 01 10 11 01 01 05 d8 04 01 10 11  ................
 +00:26.801 > 0c40  01 01 04 d9 04 01 11 10 01 01 05 d8 04 01 11 10  ................
 +00:26.817 > 0c50  01 01 04 d9 04 01 10 11 01 01 05 d8 04 01 10 11  ................
 +00:26.849 > 0c60  01 01 04 d9 04 01 11 10 01 01 05 d8 04 01 11 10  ................
 +00:26.881 > 0c70  01 01 04 d9 04 01 10 11 01 01 05 d8 04 01 10 11  ................
 +00:26.897 > 0c80  01 01 04 d9 04 01 11 10 01 01 05 d8 04 01 11 10  ................
 +00:26.929 > 0c90  01 01 04 d9 04 01 10 11 01 01 05 d8 04 01 10 11  ................
 +00:26.945 > 0ca0  01 01 04 d9 04 01 11 10 01 01 05 d8 04 01 11 10  ................
 +00:26.978 > 0cb0  01 01 04 d9 04 01 10 11 01 01 05 d8 04 01 10 11  ................
 +00:27.010 > 0cc0  01 01 04 d9 04 01 11 10 01 01 05 d8 04 01 11 10  ................
 +00:27.026 > 0cd0  01 01 04 d9 04 01 10 11 01 01 05 d8 04 01 10 11  ................
 +00:27.058 > 0ce0  01 01 04 d9 04 01 11 10 01 01 05 d8 04 01 11 10  ................
 +00:27.090 > 0cf0  01 01 04 d9 04 01 10 11 01 01 05 d8 04 01 10 11  ................
 +00:27.106 > 0d00  01 01 04 d9 04 01 11 10 01 01 05 d8 04 01 11 10  ................
 +00:27.138 > 0d10  01 01 04 d9 04 01 10 11 01 01 05 d8 04 01 10 11  ................
 +00:27.154 > 0d20  01 01 04 d9 04 01 11 10 01 01 05 d8 04 01 11 10  ................
 +00:27.186 > 0d30  01 01 04 d9 04 01 10 11 01 01 05 d8 04 01 10 11  ................
 +00:27.202 > 0d40  01 01 04 d9 04 01 11 10 01 01 05 d8 04 01 11 10  ................
 +00:27.234 > 0d50  01 01 04 d9 04 01 10 11 01 01 05 d8 04 01 10 11  ................
 +00:27.250 > 0d60  01 01 04 d9 04 01 11 10 01 01 05 d8 04 01 11 10  ................
 +00:27.283 > 0d70  01 01 04 d9 04 01 10 11 01 01 05 d8 04 01 10 11  ................
 +00:27.315 > 0d80  01 01 04 d9 04 01 11 10 01 01 05 d8 04 01 11 10  ................
 +00:27.331 > 0d90  01 01 04 d9 04 01 10 11 01 01 05 d8 04 01 10 11  ................
 +00:27.363 > 0da0  01 01 04 d9 04 01 11 10 01 01 05 d8 04 01 11 10  ................
 +00:27.379 > 0db0  01 01 04 d9 04 01 10 11 01 01 05 d8 04 01 10 11  ................
 +00:27.411 > 0dc0  01 01 04 d9 04 01 11 10 01 01 05 d8 04 01 11 10  ................
 +00:27.443 > 0dd0  01 01 04 d9 04 01 10 11 01 01 05 d8 04 01 10 11  ................
 +00:27.459 > 0de0  01 01 04 d9 04 01 11 10 01 01 05 d8 04 01 11 10  ................
 +00:27.491 > 0df0  01 01 04 d9 04 01 10 11 01 01 05 d8 04 01 10 11  ................
 +00:27.507 > 0e00  01 01 04 d9 04 01 11 10 01 01 05 d8 04 01 11 10  ................
 +00:27.539 > 0e10  01 01 04 d9 04 01 10 11 01 01 05 d8 04 01 10 11  ................
 +00:27.555 > 0e20  01 01 04 d9 04 01 11 10 01 01 05 d8 04 01 11 10  ................
 +00:27.587 > 0e30  01 01 04 d9 04 01 10 11 01 01 05 d8 04 01 10 11  ................
 +00:27.603 > 0e40  01 01 04 d9 04 01 11 10 01 01 05 d8 04 01 11 10  ................
 +00:27.636 > 0e50  01 01 04 d9 04 01 10 11 01 01 05 d8 04 01 10 11  ................
 +00:27.652 > 0e60  01 01 04 d9 04 01 11 10 01 01 05 d8 04 01 11 10  ................
 +00:27.684 > 0e70  01 01 04 d9 04 01 10 11 01 01 05 d8 04 01 10 11  ................
 +00:27.716 > 0e80  01 01 04 d9 04 01 11 10 01 01 05 d8 04 01 11 10  ................
 +00:27.732 > 0e90  01 01 04 d9 04 01 10 11 01 01 05 d8 04 01 10 11  ................
 +00:27.764 > 0ea0  01 01 04 d9 04 01 11 10 01 01 05 d8 04 01 11 10  ................
 +00:27.780 > 0eb0  01 01 04 d9 04 01 10 11 01 01 05 d8 04 01 10 11  ................
 +00:27.812 > 0ec0  01 01 04 d9 04 01 11 10 01 01 05 d8 04 01 11 10  ................
 +00:27.828 > 0ed0  01 01 04 d9 04 01 10 11 01 01 05 d8 04 01 10 11  ................
 +00:27.860 > 0ee0  01 01 04 d9 04 01 11 10 01 01 05 d8 04 01 11 10  ................
 +00:27.876 > 0ef0  01 01 04 d9 04 01 10 11 01 01 05 d8 04 01 10 11  ................
 +00:27.908 > 0f00  01 01 04 d9 04 01 11 10 01 01 05 d8 04 01 11 10  ................
 +00:27.941 > 0f10  01 01 04 d9 04 01 10 11 01 01 05 d8 04 01 10 11  ................
 +00:27.957 > 0f20  01 01 04 d9 04 01 11 10 01 01 05 d8 04 01 11 10  ................
 +00:27.973 > 0f30  01 01 04 d9 04 01 10 11 01 01 05 d8 04 01 10 11  ................
            > 0f40  01 1d 20 02 20 0c 21 0a 22 0f 22 00 30 02 30 00  .. . .!.".".0.0.
 +00:27.989 > 0f50  22 17 00 0e 50 0f 50 0a 50 0b 50 08 22 06 22 96  "...P.P.P.P.".".
            > 0f60  04 01 11 10 01 54 21 0f 50 04 00 00 2f 43 0e 50  .....T!.P.../C.P
            > 0f70  04 00 00 2f 43 0b 50 04 00 00 00 42 0a 50 04 00  .../C.P....B.P..
 +00:28.005 > 0f80  00 00 42 02 30 01 01 00 30 01 00 0f 22 01 00 0a  ..B.0...0..."...
            > 0f90  22 04 00 00 20 42 08 22 04 00 00 2f 43 06 22 04  "... B.".../C.".
            > 0fa0  00 00 2f 43 00 22 04 40 38 00 00 0c 21 01 01 02  ../C.".@8...!...
 +00:28.021 > 0fb0  20 01 01 17 00 04 ff ff ff ff 10 04 01 10 11 01   ...............
 +00:28.053 > 0fc0  01 04 d9 04 01 11 10 01 01 05 d8 04 01 11 10 01  ................
 +00:28.069 > 0fd0  01 04 d9 04 01 10 11 01 01 05 d8 04 01 10 11 01  ................
 +00:28.101 > 0fe0  01 04 d9 04 01 11 10 01 01 05 d8 04 01 11 10 01  ................
 +00:28.133 > 0ff0  01 04 d9 04 01 10 11 01 01 05 d8 04 01 10 11 01  ................
 +00:28.166 > 1000  01 04 d9 04 01 11 10 01 01 05 d8 04 01 11 10 01  ................
 +00:28.181 > 1010  01 04 d9 04 01 10 11 01 01 05 d8 04 01 10 11 01  ................
 +00:28.213 > 1020  01 04 d9 04 01 11 10 01 01 05 d8 04 01 11 10 01  ................
 +00:28.229 > 1030  01 04 d9 04 01 10 11 01 01 05 d8 04 01 10 11 01  ................
 +00:28.262 > 1040  01 04 d9 04 01 11 10 01 01 05 d8 04 01 11 10 01  ................
 +00:28.294 > 1050  01 04 d9 04 01 10 11 01 01 05 d8 04 01 10 11 01  ................
 +00:28.310 > 1060  01 04 d9 04 01 11 10 01 01 05 d8 04 01 11 10 01  ................
 +00:28.342 > 1070  01 04 d9 04 01 10 11 01 01 05 d8 04 01 10 11 01  ................
 +00:28.358 > 1080  01 04 d9 04 01 11 10 01 01 05 d8 04 01 11 10 01  ................
 +00:28.390 > 1090  01 04 d9 04 01 10 11 01 01 05 d8 04 01 10 11 01  ................
 +00:28.406 > 10a0  01 04 d9 04 01 11 10 01 01 05 d8 04 01 11 10 01  ................
 +00:28.438 > 10b0  01 04 d9 04 01 10 11 01 01 05 d8 04 01 10 11 01  ................
 +00:28.454 > 10c0  01 04 d9 04 01 11 10 01 01 05 d8 04 01 11 10 01  ................
 +00:28.486 > 10d0  01 04 d9 04 01 10 11 01 01 05 d8 04 01 10 11 01  ................
 +00:28.518 > 10e0  01 04 d9 04 01 11 10 01 01 05 d8 04 01 11 10 01  ................
 +00:28.534 > 10f0  01 04 d9 04 01 10 11 01 01 05 d8 04 01 10 11 01  ................
 +00:28.566 > 1100  01 04 d9 04 01 11 10 01 01 05 d8 04 01 11 10 01  ................
 +00:28.599 > 1110  01 04 d9 04 01 10 11 01 01 05 d8 04 01 10 11 01  ................
 +00:28.615 > 1120  01 04 d9 04 01 11 10 01 01 05 d8 04 01 11 10 01  ................
 +00:28.647 > 1130  01 04 d9 04 01 10 11 01 01 05 d8 04 01 10 11 01  ................
 +00:28.663 > 1140  01 04 d9 04 01 11 10 01 01 05 d8 04 01 11 10 01  ................
 +00:28.695 > 1150  01 04 d9 04 01 10 11 01 01 05 d8 04 01 10 11 01  ................
 +00:28.727 > 1160  01 04 d9 04 01 11 10 01 01 05 d8 04 01 11 10 01  ................
 +00:28.743 > 1170  01 04 d9 04 01 10 11 01 01 05 d8 04 01 10 11 01  ................
 +00:28.776 > 1180  01 04 d9 04 01 11 10 01 01 05 d8 04 01 11 10 01  ................
 +00:28.791 > 1190  01 04 d9 04 01 10 11 01 01 05 d8 04 01 10 11 01  ................
 +00:28.823 > 11a0  01 04 d9 04 01 11 10 01 01 05 d8 04 01 11 10 01  ................
 +00:28.839 > 11b0  01 04 d9 04 01 10 11 01 01 05 d8 04 01 10 11 01  ................
 +00:28.871 > 11c0  01 04 d9 04 01 11 10 01 01 05 d8 04 01 11 10 01  ................
 +00:28.887 > 11d0  01 04 d9 04 01 10 11 01 01 05 d8 04 01 10 11 01  ................
 +00:28.920 > 11e0  01 04 d9 04 01 11 10 01 01 05 d8 04 01 11 10 01  ................
 +00:28.952 > 11f0  01 04 d9 04 01 10 11 01 01 05 d8 04 01 10 11 01  ................
 +00:28.968 > 1200  01 04 d9 04 01 11 10 01 01 05 d8 04 01 11 10 01  ................
 +00:29.000 > 1210  01 04 d9 04 01 10 11 01 01 05 d8 04 01 10 11 01  ................
 +00:29.016 > 1220  01 04 d9 04 01 11 10 01 01 05 d8 04 01 11 10 01  ................
 +00:29.048 > 1230  01 04 d9 04 01 10 11 01 01 05 d8 04 01 10 11 01  ................
 +00:29.080 > 1240  01 04 d9 04 01 11 10 01 01 05 d8 04 01 11 10 01  ................
 +00:29.112 > 1250  01 04 d9 04 01 10 11 01 01 05 d8 04 01 10 11 01  ................
 +00:29.144 > 1260  01 04 d9 04 01 11 10 01 01 05 d8 04 01 11 10 01  ................
 +00:29.160 > 1270  01 04 d9 04 01 10 11 01 01 05 d8 04 01 10 11 01  ................
 +00:29.192 > 1280  01 04 d9 04 01 11 10 01 01 05 d8 04 01 11 10 01  ................
 +00:29.208 > 1290  01 04 d9 04 01 10 11 01 01 05 d8 04 01 10 11 01  ................
 +00:29.241 > 12a0  01 04 d9 04 01 11 10 01 01 05 d8 04 01 11 10 01  ................
 +00:29.257 > 12b0  01 04 d9 04 01 10 11 01 01 05 d8 04 01 10 11 01  ................
 +00:29.289 > 12c0  01 04 d9 04 01 11 10 01 01 05 d8 04 01 11 10 01  ................
 +00:29.321 > 12d0  01 04 d9 04 01 10 11 01 01 05 d8 04 01 10 11 01  ................
 +00:29.337 > 12e0  01 04 d9 04 01 11 10 01 01 05 d8 04 01 11 10 01  ................
 +00:29.369 > 12f0  01 04 d9 04 01 10 11 01 01 05 d8 04 01 10 11 01  ................
 +00:29.385 > 1300  01 04 d9 04 01 11 10 01 01 05 d8 04 01 11 10 01  ................
 +00:29.417 > 1310  01 04 d9 04 01 10 11 01 01 05 d8 04 01 10 11 01  ................
 +00:29.433 > 1320  01 04 d9 04 01 11 10 01 01 05 d8 04 01 11 10 01  ................
 +00:29.465 > 1330  01 04 d9 04 01 10 11 01 01 05 d8 04 01 10 11 01  ................
 +00:29.497 > 1340  01 04 d9 04 01 11 10 01 01 05 d8 04 01 11 10 01  ................
 +00:29.513 > 1350  01 04 d9 04 01 10 11 01 01 05 d8 04 01 10 11 01  ................
 +00:29.546 > 1360  01 04 d9 04 01 11 10 01 01 05 d8 04 01 11 10 01  ................
 +00:29.562 > 1370  01 04 d9 04 01 10 11 01 01 05 d8 04 01 10 11 01  ................
 +00:29.594 > 1380  01 04 d9 04 01 11 10 01 01 05 d8 04 01 11 10 01  ................
 +00:29.610 > 1390  01 04 d9 04 01 10 11 01 01 05 d8 04 01 10 11 01  ................
 +00:29.642 > 13a0  01 04 d9 04 01 11 10 01 01 05 d8 04 01 11 10 01  ................
 +00:29.674 > 13b0  01 04 d9 04 01 10 11 01 01 05 d8 04 01 10 11 01  ................
 +00:29.706 > 13c0  01 04 d9 04 01 11 10 01 01 05 d8 04 01 11 10 01  ................
 +00:29.722 > 13d0  01 04 d9 04 01 10 11 01 01 05 d8 04 01 10 11 01  ................
 +00:29.786 > 13e0  01 04 d9 04 01 11 10 01 01 05 d8 04 01 11 10 01  ................
 +00:29.818 > 13f0  01 04 d9 04 01 10 11 01 01 05 d8 04 01 10 11 01  ................
 +00:29.834 > 1400  01 04 d9 04 01 11 10 01 01 05 d8 04 01 11 10 01  ................
 +00:29.866 > 1410  01 04 d9 04 01 10 11 01 01 05 d8 04 01 10 11 01  ................
 +00:29.899 > 1420  01 04 d9 04 01 11 10 01 01 05 d8 04 01 11 10 01  ................
 +00:29.915 > 1430  01 04 d9 04 01 10 11 01 01 05 d8 04 01 10 11 01  ................
 +00:29.947 > 1440  01 04 d9 04 01 11 10 01 01 05 d8 04 01 11 10 01  ................
 +00:29.963 > 1450  01 04 d9 04 01 10 11 01 01 05 d8 04 01 10 11 01  ................
 +00:29.995 > 1460  01 04 d9 04 01 11 10 01 01 05 d8 04 01 11 10 01  ................
 +00:30.027 > 1470  01 04 d9 04 01 10 11 01 01 05 d8 04 01 10 11 01  ................
 +00:30.043 > 1480  01 04 d9 04 01 11 10 01 01 05 d8 04 01 11 10 01  ................
 +00:30.075 > 1490  01 04 d9 04 01 10 11 01 01 05 d8 04 01 10 11 01  ................
 +00:30.091 > 14a0  01 04 d9 04 01 11 10 01 01 05 d8 04 01 11 10 01  ................
 +00:30.123 > 14b0  01 04 d9 04 01 10 11 01 01 05 d8 04 01 10 11 01  ................
 +00:30.155 > 14c0  01 04 d9 04 01 11 10 01 01 05 d8 04 01 11 10 01  ................
 +00:30.171 > 14d0  01 04 d9 04 01 10 11 01 01 05 d8 04 01 10 11 01  ................
 +00:30.204 > 14e0  01 04 d9 04 01 11 10 01 01 05 d8 04 01 11 10 01  ................
 +00:30.220 > 14f0  01 04 d9 04 01 10 11 01 01 05 d8 04 01 10 11 01  ................
 +00:30.252 > 1500  01 04 d9 04 01 11 10 01 01 05 d8 04 01 11 10 01  ................
 +00:30.284 > 1510  01 04 d9 04 01 10 11 01 01 05 d8 04 01 10 11 01  ................
 +00:30.300 > 1520  01 04 d9 04 01 11 10 01 01 05 d8 04 01 11 10 01  ................
 +00:30.332 > 1530  01 04 d9 04 01 10 11 01 01 05 d8 04 01 10 11 01  ................
 +00:30.348 > 1540  01 04 d9 04 01 11 10 01 01 05 d8 04 01 11 10 01  ................
 +00:30.380 > 1550  01 04 d9 04 01 10 11 01 01 05 d8 04 01 10 11 01  ................
 +00:30.396 > 1560  01 04 d9 04 01 11 10 01 01 05 d8 04 01 11 10 01  ................
 +00:30.412 > 1570  01 04 d9 04 01 10 11 01 01 05 d8 04 01 10 11 01  ................
 +00:30.428 > 1580  08 40 07 50 04 ff ff ff ff 3f 04 01 11 10 01 03  .@.P.....?......
 +00:30.444 > 1590  41 07 50 43 04 01 10 11 01 01 04 d9 04 01 11 10  A.PC............
 +00:30.476 > 15a0  01 01 05 d8 04 01 11 10 01 01 04 d9 04 01 10 11  ................
 +00:30.508 > 15b0  01 01 05 d8 04 01 10 11 01 01 04 d9 04 01 11 10  ................
 +00:30.525 > 15c0  01 01 05 d8 04 01 11 10 01 01 04 d9 04 01 10 11  ................
 +00:30.557 > 15d0  01 01 05 d8 04 01 10 11 01 01 04 d9 04 01 11 10  ................
 +00:30.573 > 15e0  01 01 05 d8 04 01 11 10 01 01 04 d9 04 01 10 11  ................
 +00:30.605 > 15f0  01 01 05 d8 04 01 10 11 01 01 04 d9 04 01 11 10  ................
 +00:30.621 > 1600  01 01 05 d8 04 01 11 10 01 01 04 d9 04 01 10 11  ................
 +00:30.653 > 1610  01 01 05 d8 04 01 10 11 01 01 04 d9 04 01 11 10  ................
 +00:30.685 > 1620  01 01 05 d8 04 01 11 10 01 01 04 d9 04 01 10 11  ................
 +00:30.701 > 1630  01 01 05 d8 04 01 10 11 01 01 04 d9 04 01 11 10  ................
 +00:30.733 > 1640  01 01 05 d8 04 01 11 10 01 01 04 d9 04 01 10 11  ................
 +00:30.749 > 1650  01 01 05 d8 04 01 10 11 01 01 04 d9 04 01 11 10  ................
 +00:30.781 > 1660  01 01 05 d8 04 01 11 10 01 01 04 d9 04 01 10 11  ................
 +00:30.797 > 1670  01 01 05 d8 04 01 10 11 01 01 04 d9 04 01 11 10  ................
 +00:30.829 > 1680  01 01 05 d8 04 01 11 10 01 01 04 d9 04 01 10 11  ................
 +00:30.862 > 1690  01 01 05 d8 04 01 10 11 01 01 04 d9 04 01 11 10  ................
 +00:30.878 > 16a0  01 01 05 d8 04 01 11 10 01 01 04 d9 04 01 10 11  ................
 +00:30.910 > 16b0  01 01 05 d8 04 01 10 11 01 01 04 d9 04 01 11 10  ................
 +00:30.926 > 16c0  01 01 05 d8 04 01 11 10 01 01 04 d9 04 01 10 11  ................
 +00:30.958 > 16d0  01 01 05 d8 04 01 10 11 01 01 04 d9 04 01 11 10  ................
 +00:30.974 > 16e0  01 01 05 d8 04 01 11 10 01 01 04 d9 04 01 10 11  ................
 +00:31.006 > 16f0  01 01 05 d8 04 01 10 11 01 01 04 d9 04 01 11 10  ................
 +00:31.022 > 1700  01 01 05 d8 04 01 11 10 01 01 04 d9 04 01 10 11  ................
 +00:31.038 > 1710  01 01 05 d8 04 01 10 11 01 1d 20 02 20 0c 21 0a  .......... . .!.
 +00:31.054 > 1720  22 0f 22 00 30 02 30 00 22 17 00 0e 50 0f 50 0a  ".".0.0."...P.P.
            > 1730  50 0b 50 08 22 06 22 96 04 01 11 10 01 54 21 0f  P.P."."......T!.
            > 1740  50 04 00 00 2f 43 0e 50 04 00 00 2f 43 0b 50 04  P.../C.P.../C.P.
            > 1750  00 00 00 42 0a 50 04 00 00 00 42 02 30 01 01 00  ...B.P....B.0...
 +00:31.070 > 1760  30 01 00 0f 22 01 00 0a 22 04 00 00 20 42 08 22  0..."..."... B."
            > 1770  04 00 00 2f 43 06 22 04 00 00 2f 43 00 22 04 40  .../C.".../C.".@
            > 1780  38 00 00 0c 21 01 01 02 20 01 01 17 00 04 ff ff  8...!... .......
 +00:31.086 > 1790  ff ff 10 04 01 10 11 01 01 04 d9 04 01 11 10 01  ................
 +00:31.118 > 17a0  01 05 d8 04 01 11 10 01 01 04 d9 04 01 10 11 01  ................
 +00:31.150 > 17b0  01 05 d8 04 01 10 11 01 01 04 d9 04 01 11 10 01  ................
 +00:31.166 > 17c0  01 05 d8 04 01 11 10 01 01 04 d9 04 01 10 11 01  ................
 +00:31.199 > 17d0  01 05 d8 04 01 10 11 01 01 04 d9 04 01 11 10 01  ................
 +00:31.215 > 17e0  01 05 d8 04 01 11 10 01 01 04 d9 04 01 10 11 01  ................
 +00:31.247 > 17f0  01 05 d8 04 01 10 11 01 01 04 d9 04 01 11 10 01  ................
 +00:31.263 > 1800  01 05 d8 04 01 11 10 01 01 04 d9 04 01 10 11 01  ................
 +00:31.295 > 1810  01 05 d8 04 01 10 11 01 01 04 d9 04 01 11 10 01  ................
 +00:31.327 > 1820  01 05 d8 04 01 11 10 01 01 04 d9 04 01 10 11 01  ................
 +00:31.343 > 1830  01 05 d8 04 01 10 11 01 01 04 d9 04 01 11 10 01  ................
 +00:31.375 > 1840  01 05 d8 04 01 11 10 01 01 04 d9 04 01 10 11 01  ................
 +00:31.407 > 1850  01 05 d8 04 01 10 11 01 01 04 d9 04 01 11 10 01  ................
 +00:31.423 > 1860  01 05 d8 04 01 11 10 01 01 04 d9 04 01 10 11 01  ................
 +00:31.455 > 1870  01 05 d8 04 01 10 11 01 01 04 d9 04 01 11 10 01  ................
 +00:31.471 > 1880  01 05 d8 04 01 11 10 01 01 04 d9 04 01 10 11 01  ................
 +00:31.504 > 1890  01 05 d8 04 01 10 11 01 01 04 d9 04 01 11 10 01  ................
 +00:31.520 > 18a0  01 05 d8 04 01 11 10 01 01 04 d9 04 01 10 11 01  ................
 +00:31.552 > 18b0  01 05 d8 04 01 10 11 01 01 04 d9 04 01 11 10 01  ................
 +00:31.584 > 18c0  01 05 d8 04 01 11 10 01 01 04 d9 04 01 10 11 01  ................
 +00:31.600 > 18d0  01 05 d8 04 01 10 11 01 01 04 d9 04 01 11 10 01  ................
 +00:31.632 > 18e0  01 05 d8 04 01 11 10 01 01 04 d9 04 01 10 11 01  ................
 +00:31.648 > 18f0  01 05 d8 04 01 10 11 01 01 04 d9 04 01 11 10 01  ................
 +00:31.680 > 1900  01 05 d8 04 01 11 10 01 01 04 d9 04 01 10 11 01  ................
 +00:31.696 > 1910  01 05 d8 04 01 10 11 01 01 04 d9 04 01 11 10 01  ................
 +00:31.728 > 1920  01 05 d8 04 01 11 10 01 01 04 d9 04 01 10 11 01  ................
 +00:31.760 > 1930  01 05 d8 04 01 10 11 01 01 04 d9 04 01 11 10 01  ................
 +00:31.777 > 1940  01 05 d8 04 01 11 10 01 01 04 d9 04 01 10 11 01  ................
 +00:31.808 > 1950  01 05 d8 04 01 10 11 01 01 04 d9 04 01 11 10 01  ................
 +00:31.824 > 1960  01 05 d8 04 01 11 10 01 01 04 d9 04 01 10 11 01  ................
 +00:31.857 > 1970  01 05 d8 04 01 10 11 01 01 04 d9 04 01 11 10 01  ................
 +00:31.873 > 1980  01 05 d8 04 01 11 10 01 01 04 d9 04 01 10 11 01  ................
 +00:31.905 > 1990  01 05 d8 04 01 10 11 01 01 04 d9 04 01 11 10 01  ................
 +00:31.921 > 19a0  01 05 d8 04 01 11 10 01 01 04 d9 04 01 10 11 01  ................
 +00:31.953 > 19b0  01 05 d8 04 01 10 11 01 01 04 d9 04 01 11 10 01  ................
 +00:31.985 > 19c0  01 05 d8 04 01 11 10 01 01 04 d9 04 01 10 11 01  ................
 +00:32.001 > 19d0  01 05 d8 04 01 10 11 01 01 04 d9 04 01 11 10 01  ................
 +00:32.033 > 19e0  01 05 d8 04 01 11 10 01 01 04 d9 04 01 10 11 01  ................
 +00:32.065 > 19f0  01 05 d8 04 01 10 11 01 01 04 d9 04 01 11 10 01  ................
 +00:32.097 > 1a00  01 05 d8 04 01 11 10 01 01 04 d9 04 01 10 11 01  ................
 +00:32.113 > 1a10  01 05 d8 04 01 10 11 01 01 04 d9 04 01 11 10 01  ................
 +00:32.146 > 1a20  01 05 d8 04 01 11 10 01 01 04 d9 04 01 10 11 01  ................
 +00:32.162 > 1a30  01 05 d8 04 01 10 11 01 01 04 d9 04 01 11 10 01  ................
 +00:32.194 > 1a40  01 05 d8 04 01 11 10 01 01 04 d9 04 01 10 11 01  ................
 +00:32.210 > 1a50  01 05 d8 04 01 10 11 01 01 04 d9 04 01 11 10 01  ................
 +00:32.242 > 1a60  01 05 d8 04 01 11 10 01 01 04 d9 04 01 10 11 01  ................
 +00:32.274 > 1a70  01 05 d8 04 01 10 11 01 01 04 d9 04 01 11 10 01  ................
 +00:32.290 > 1a80  01 05 d8 04 01 11 10 01 01 04 d9 04 01 10 11 01  ................
 +00:32.322 > 1a90  01 05 d8 04 01 10 11 01 01 04 d9 04 01 11 10 01  ................
 +00:32.354 > 1aa0  01 05 d8 04 01 11 10 01 01 04 d9 04 01 10 11 01  ................
 +00:32.370 > 1ab0  01 05 d8 04 01 10 11 01 01 04 d9 04 01 11 10 01  ................
 +00:32.402 > 1ac0  01 05 d8 04 01 11 10 01 01 04 d9 04 01 10 11 01  ................
 +00:32.418 > 1ad0  01 05 d8 04 01 10 11 01 01 04 d9 04 01 11 10 01  ................
 +00:32.450 > 1ae0  01 05 d8 04 01 11 10 01 01 04 d9 04 01 10 11 01  ................
 +00:32.466 > 1af0  01 05 d8 04 01 10 11 01 01 04 d9 04 01 11 10 01  ................
 +00:32.499 > 1b00  01 05 d8 04 01 11 10 01 01 04 d9 04 01 10 11 01  ................
 +00:32.531 > 1b10  01 05 d8 04 01 10 11 01 01 04 d9 04 01 11 10 01  ................
 +00:32.547 > 1b20  01 05 d8 04 01 11 10 01 01 04 d9 04 01 10 11 01  ................
 +00:32.579 > 1b30  01 05 d8 04 01 10 11 01 01 04 d9 04 01 11 10 01  ................
 +00:32.595 > 1b40  01 05 d8 04 01 11 10 01 01 04 d9 04 01 10 11 01  ................
 +00:32.627 > 1b50  01 05 d8 04 01 10 11 01 01 04 d9 04 01 11 10 01  ................
 +00:32.643 > 1b60  01 05 d8 04 01 11 10 01 01 04 d9 04 01 10 11 01  ................
 +00:32.675 > 1b70  01 05 d8 04 01 10 11 01 01 04 d9 04 01 11 10 01  ................
 +00:32.707 > 1b80  01 05 d8 04 01 11 10 01 01 04 d9 04 01 10 11 01  ................
 +00:32.739 > 1b90  01 05 d8 04 01 10 11 01 01 04 d9 04 01 11 10 01  ................
 +00:32.755 > 1ba0  01 05 d8 04 01 11 10 01 01 04 d9 04 01 10 11 01  ................
 +00:32.787 > 1bb0  01 05 d8 04 01 10 11 01 01 04 d9 04 01 11 10 01  ................
 +00:32.804 > 1bc0  01 05 d8 04 01 11 10 01 01 04 d9 04 01 10 11 01  ................
 +00:32.836 > 1bd0  01 05 d8 04 01 10 11 01 01 04 d9 04 01 11 10 01  ................
 +00:32.852 > 1be0  01 05 d8 04 01 11 10 01 01 04 d9 04 01 10 11 01  ................
 +00:32.884 > 1bf0  01 05 d8 04 01 10 11 01 01 04 d9 04 01 11 10 01  ................
 +00:32.916 > 1c00  01 05 d8 04 01 11 10 01 01 04 d9 04 01 10 11 01  ................
 +00:32.932 > 1c10  01 05 d8 04 01 10 11 01 01 04 d9 04 01 11 10 01  ................
 +00:32.964 > 1c20  01 05 d8 04 01 11 10 01 01 04 d9 04 01 10 11 01  ................
 +00:32.996 > 1c30  01 05 d8 04 01 10 11 01 01 04 d9 04 01 11 10 01  ................
 +00:33.012 > 1c40  01 05 d8 04 01 11 10 01 01 04 d9 04 01 10 11 01  ................
 +00:33.045 > 1c50  01 05 d8 04 01 10 11 01 01 04 d9 04 01 11 10 01  ................
 +00:33.060 > 1c60  01 05 d8 04 01 11 10 01 01 04 d9 04 01 10 11 01  ................
 +00:33.092 > 1c70  01 05 d8 04 01 10 11 01 01 04 d9 04 01 11 10 01  ................
 +00:33.124 > 1c80  01 05 d8 04 01 11 10 01 01 04 d9 04 01 10 11 01  ................
 +00:33.141 > 1c90  01 05 d8 04 01 10 11 01 01 04 d9 04 01 11 10 01  ................
 +00:33.173 > 1ca0  01 05 d8 04 01 11 10 01 01 04 d9 04 01 10 11 01  ................
 +00:33.189 > 1cb0  01 05 d8 04 01 10 11 01 01 04 d9 04 01 11 10 01  ................
 +00:33.221 > 1cc0  01 05 d8 04 01 11 10 01 01 04 d9 04 01 10 11 01  ................
 +00:33.237 > 1cd0  01 05 d8 04 01 10 11 01 01 04 d9 04 01 11 10 01  ................
 +00:33.269 > 1ce0  01 05 d8 04 01 11 10 01 01 04 d9 04 01 10 11 01  ................
 +00:33.301 > 1cf0  01 05 d8 04 01 10 11 01 01 04 d9 04 01 11 10 01  ................
 +00:33.317 > 1d00  01 05 d8 04 01 11 10 01 01 04 d9 04 01 10 11 01  ................
 +00:33.349 > 1d10  01 05 d8 04 01 10 11 01 01 04 d9 04 01 11 10 01  ................
 +00:33.366 > 1d20  01 05 d8 04 01 11 10 01 01 04 d9 04 01 10 11 01  ................
 +00:33.397 > 1d30  01 05 d8 04 01 10 11 01 01 04 d9 04 01 11 10 01  ................
 +00:33.429 > 1d40  01 05 d8 04 01 11 10 01 01 04 d9 04 01 10 11 01  ................
 +00:33.446 > 1d50  01 05 d8 04 01 10 11 01 01 04 d9 04 01 11 10 01  ................
 +00:33.478 > 1d60  01 05 d8 04 01 11 10 01 01 04 d9 04 01 10 11 01  ................
 +00:33.510 > 1d70  01 05 d8 04 01 10 11 01 01 04 d9 04 01 11 10 01  ................
 +00:33.526 > 1d80  01 05 d8 04 01 11 10 01 01 04 d9 04 01 10 11 01  ................
 +00:33.558 > 1d90  01 05 d8 04 01 10 11 01 01 04 d9 04 01 11 10 01  ................
 +00:33.574 > 1da0  01 05 d8 04 01 11 10 01 01 04 d9 04 01 10 11 01  ................
 +00:33.606 > 1db0  01 05 d8 04 01 10 11 01 01 04 d9 04 01 11 10 01  ................
 +00:33.622 > 1dc0  01 05 d8 04 01 11 10 01 01 04 d9 04 01 10 11 01  ................
 +00:33.654 > 1dd0  01 05 d8 04 01 10 11 01 01 04 d9 04 01 11 10 01  ................
 +00:33.686 > 1de0  01 05 d8 04 01 11 10 01 01 04 d9 04 01 10 11 01  ................
 +00:33.702 > 1df0  01 05 d8 04 01 10 11 01 01 04 d9 04 01 11 10 01  ................
 +00:33.734 > 1e00  01 05 d8 04 01 11 10 01 01 04 d9 04 01 10 11 01  ................
 +00:33.750 > 1e10  01 05 d8 04 01 10 11 01 01 04 d9 04 01 11 10 01  ................
 +00:33.783 > 1e20  01 05 d8 04 01 11 10 01 01 04 d9 04 01 10 11 01  ................
 +00:33.815 > 1e30  01 05 d8 04 01 10 11 01 01 04 d9 04 01 11 10 01  ................
 +00:33.831 > 1e40  01 05 d8 04 01 11 10 01 01 04 d9 04 01 10 11 01  ................
 +00:33.863 > 1e50  01 05 d8 04 01 10 11 01 01 04 d9 04 01 11 10 01  ................
 +00:33.895 > 1e60  01 05 d8 04 01 11 10 01 01 04 d9 04 01 10 11 01  ................
 +00:33.911 > 1e70  01 05 d8 04 01 10 11 01 01 04 d9 04 01 11 10 01  ................
 +00:33.943 > 1e80  01 05 d8 04 01 11 10 01 01 04 d9 04 01 10 11 01  ................
 +00:33.959 > 1e90  01 05 d8 04 01 10 11 01 01 04 d9 04 01 11 10 01  ................
 +00:33.991 > 1ea0  01 05 d8 04 01 11 10 01 01 04 d9 04 01 10 11 01  ................
 +00:34.007 > 1eb0  01 05 d8 04 01 10 11 01 01 04 d9 04 01 11 10 01  ................
 +00:34.039 > 1ec0  01 05 d8 04 01 11 10 01 01 04 d9 04 01 10 11 01  ................
 +00:34.055 > 1ed0  01 05 d8 04 01 10 11 01 01 04 d9 04 01 11 10 01  ................
 +00:34.087 > 1ee0  01 05 d8 04 01 11 10 01 01 04 d9 04 01 10 11 01  ................
 +00:34.104 > 1ef0  01 05 d8 04 01 10 11 01 1d 20 02 20 0c 21 0a 22  ......... . .!."
            > 1f00  0f 22 00 30 02 30 00 22 17 00 0e 50 0f 50 0a 50  .".0.0."...P.P.P
 +00:34.120 > 1f10  0b 50 08 22 06 22 96 04 01 11 10 01 54 21 0f 50  .P."."......T!.P
            > 1f20  04 00 00 2f 43 0e 50 04 00 00 2f 43 0b 50 04 00  .../C.P.../C.P..
            > 1f30  00 00 42 0a 50 04 00 00 00 42 02 30 01 01 00 30  ..B.P....B.0...0
            > 1f40  01 00 0f 22 01 00 0a 22 04 00 00 20 42 08 22 04  ..."..."... B.".
 +00:34.136 > 1f50  00 00 2f 43 06 22 04 00 00 2f 43 00 22 04 40 38  ../C.".../C.".@8
            > 1f60  00 00 0c 21 01 01 02 20 01 01 17 00 04 ff ff ff  ...!... ........
 +00:34.152 > 1f70  ff 10 04 01 10 11 01 01 04 d9 04 01 11 10 01 01  ................
 +00:34.184 > 1f80  05 d8 04 01 11 10 01 01 04 d9 04 01 10 11 01 01  ................
 +00:34.216 > 1f90  05 d8 04 01 10 11 01 01 04 d9 04 01 11 10 01 01  ................
 +00:34.232 > 1fa0  05 d8 04 01 11 10 01 01 04 d9 04 01 10 11 01 01  ................
 +00:34.264 > 1fb0  05 d8 04 01 10 11 01 01 04 d9 04 01 11 10 01 01  ................
 +00:34.280 > 1fc0  05 d8 04 01 11 10 01 01 04 d9 04 01 10 11 01 01  ................
 +00:34.312 > 1fd0  05 d8 04 01 10 11 01 01 04 d9 04 01 11 10 01 01  ................
 +00:34.344 > 1fe0  05 d8 04 01 11 10 01 01 04 d9 04 01 10 11 01 01  ................
 +00:34.360 > 1ff0  05 d8 04 01 10 11 01 01 04 d9 04 01 11 10 01 01  ................
 +00:34.392 > 2000  05 d8 04 01 11 10 01 01 04 d9 04 01 10 11 01 01  ................
 +00:34.408 > 2010  05 d8 04 01 10 11 01 01 04 d9 04 01 11 10 01 01  ................
 +00:34.441 > 2020  05 d8 04 01 11 10 01 01 04 d9 04 01 10 11 01 01  ................
 +00:34.473 > 2030  05 d8 04 01 10 11 01 01 04 d9 04 01 11 10 01 01  ................
 +00:34.489 > 2040  05 d8 04 01 11 10 01 01 04 d9 04 01 10 11 01 01  ................
 +00:34.521 > 2050  05 d8 04 01 10 11 01 01 04 d9 04 01 11 10 01 01  ................
 +00:34.537 > 2060  05 d8 04 01 11 10 01 01 04 d9 04 01 10 11 01 01  ................
 +00:34.569 > 2070  05 d8 04 01 10 11 01 01 04 d9 04 01 11 10 01 01  ................
 +00:34.601 > 2080  05 d8 04 01 11 10 01 01 04 d9 04 01 10 11 01 01  ................
 +00:34.617 > 2090  05 d8 04 01 10 11 01 01 04 d9 04 01 11 10 01 01  ................
 +00:34.649 > 20a0  05 d8 04 01 11 10 01 01 04 d9 04 01 10 11 01 01  ................
 +00:34.681 > 20b0  05 d8 04 01 10 11 01 01 04 d9 04 01 11 10 01 01  ................
 +00:34.697 > 20c0  05 d8 04 01 11 10 01 01 04 d9 04 01 10 11 01 01  ................
 +00:34.729 > 20d0  05 d8 04 01 10 11 01 01 04 d9 04 01 11 10 01 01  ................
 +00:34.762 > 20e0  05 d8 04 01 11 10 01 01 04 d9 04 01 10 11 01 01  ................
 +00:34.778 > 20f0  05 d8 04 01 10 11 01 01 04 d9 04 01 11 10 01 01  ................
 +00:34.810 > 2100  05 d8 04 01 11 10 01 01 04 d9 04 01 10 11 01 01  ................
 +00:34.826 > 2110  05 d8 04 01 10 11 01 01 04 d9 04 01 11 10 01 01  ................
 +00:34.858 > 2120  05 d8 04 01 11 10 01 01 04 d9 04 01 10 11 01 01  ................
 +00:34.890 > 2130  05 d8 04 01 10 11 01 01 04 d9 04 01 11 10 01 01  ................
 +00:34.906 > 2140  05 d8 04 01 11 10 01 01 04 d9 04 01 10 11 01 01  ................
 +00:34.938 > 2150  05 d8 04 01 10 11 01 01 04 d9 04 01 11 10 01 01  ................
 +00:34.954 > 2160  05 d8 04 01 11 10 01 01 04 d9 04 01 10 11 01 01  ................
 +00:34.986 > 2170  05 d8 04 01 10 11 01 04 40 00 50 00 4a 04 01 11  ........@.P.J...
            > 2180  10 01 03 41 00 50 4a 04 01 10 11 01 03 20 14 00  ...A.PJ...... ..
 +00:35.002 > 2190  a7 04 01 11 10 01 08 21 14 00 04 55 00 00 00 48  .......!...U...H
 +00:35.018 > 21a0  04 01 10 11 01 01 04 d9 04 01 11 10 01 01 05 d8  ................
 +00:35.034 > 21b0  04 01 11 10 01 01 04 d9 04 01 10 11 01 01 05 d8  ................
 +00:35.067 > 21c0  04 01 10 11 01 01 04 d9 04 01 11 10 01 01 05 d8  ................
 +00:35.083 > 21d0  04 01 11 10 01 01 04 d9 04 01 10 11 01 01 05 d8  ................
 +00:35.115 > 21e0  04 01 10 11 01 01 04 d9 04 01 11 10 01 01 05 d8  ................
 +00:35.147 > 21f0  04 01 11 10 01 01 04 d9 04 01 10 11 01 01 05 d8  ................
 +00:35.179 > 2200  04 01 10 11 01 01 04 d9 04 01 11 10 01 01 05 d8  ................
 +00:35.195 > 2210  04 01 11 10 01 01 04 d9 04 01 10 11 01 01 05 d8  ................
 +00:35.227 > 2220  04 01 10 11 01 01 04 d9 04 01 11 10 01 01 05 d8  ................
 +00:35.243 > 2230  04 01 11 10 01 01 04 d9 04 01 10 11 01 01 05 d8  ................
 +00:35.275 > 2240  04 01 10 11 01 01 04 d9 04 01 11 10 01 01 05 d8  ................
 +00:35.291 > 2250  04 01 11 10 01 01 04 d9 04 01 10 11 01 01 05 d8  ................
 +00:35.323 > 2260  04 01 10 11 01 01 04 d9 04 01 11 10 01 01 05 d8  ................
 +00:35.355 > 2270  04 01 11 10 01 01 04 d9 04 01 10 11 01 01 05 d8  ................
 +00:35.371 > 2280  04 01 10 11 01 01 04 d9 04 01 11 10 01 01 05 d8  ................
 +00:35.404 > 2290  04 01 11 10 01 01 04 d9 04 01 10 11 01 01 05 d8  ................
 +00:35.420 > 22a0  04 01 10 11 01 01 04 d9 04 01 11 10 01 01 05 d8  ................
 +00:35.452 > 22b0  04 01 11 10 01 01 04 d9 04 01 10 11 01 01 05 d8  ................
 +00:35.468 > 22c0  04 01 10 11 01 01 04 d9 04 01 11 10 01 01 05 d8  ................
 +00:35.500 > 22d0  04 01 11 10 01 01 04 d9 04 01 10 11 01 01 05 d8  ................
 +00:35.516 > 22e0  04 01 10 11 01 01 04 d9 04 01 11 10 01 01 05 d8  ................
 +00:35.548 > 22f0  04 01 11 10 01 01 04 d9 04 01 10 11 01 01 05 d8  ................
 +00:35.580 > 2300  04 01 10 11 01 01 04 d9 04 01 11 10 01 01 05 d8  ................
 +00:35.596 > 2310  04 01 11 10 01 01 04 d9 04 01 10 11 01 01 05 d8  ................
 +00:35.628 > 2320  04 01 10 11 01 01 04 d9 04 01 11 10 01 01 05 d8  ................
 +00:35.644 > 2330  04 01 11 10 01 01 04 d9 04 01 10 11 01 01 05 d8  ................
 +00:35.676 > 2340  04 01 10 11 01 01 04 d9 04 01 11 10 01 01 05 d8  ................
 +00:35.708 > 2350  04 01 11 10 01 01 04 d9 04 01 10 11 01 01 05 d8  ................
 +00:35.725 > 2360  04 01 10 11 01 01 04 d9 04 01 11 10 01 01 05 d8  ................
 +00:35.757 > 2370  04 01 11 10 01 01 04 d9 04 01 10 11 01 01 05 d8  ................
 +00:35.789 > 2380  04 01 10 11 01 01 04 d9 04 01 11 10 01 01 05 d8  ................
 +00:35.805 > 2390  04 01 11 10 01 01 04 d9 04 01 10 11 01 01 05 d8  ................
 +00:35.837 > 23a0  04 01 10 11 01 01 04 d9 04 01 11 10 01 01 05 d8  ................
 +00:35.853 > 23b0  04 01 11 10 01 01 04 d9 04 01 10 11 01 01 05 d8  ................
 +00:35.885 > 23c0  04 01 10 11 01 01 04 d9 04 01 11 10 01 01 05 d8  ................
 +00:35.917 > 23d0  04 01 11 10 01 01 04 d9 04 01 10 11 01 01 05 d8  ................
 +00:35.933 > 23e0  04 01 10 11 01 01 04 d9 04 01 11 10 01 01 05 d8  ................
 +00:35.965 > 23f0  04 01 11 10 01 01 04 d9 04 01 10 11 01 01 05 d8  ................
 +00:35.997 > 2400  04 01 10 11 01 01 04 d9 04 01 11 10 01 01 05 d8  ................
 +00:36.013 > 2410  04 01 11 10 01 01 04 d9 04 01 10 11 01 01 05 d8  ................
 +00:36.046 > 2420  04 01 10 11 01 01 04 d9 04 01 11 10 01 01 05 d8  ................
 +00:36.062 > 2430  04 01 11 10 01 01 04 d9 04 01 10 11 01 01 05 d8  ................
 +00:36.094 > 2440  04 01 10 11 01 01 04 d9 04 01 11 10 01 01 05 d8  ................
 +00:36.126 > 2450  04 01 11 10 01 01 04 d9 04 01 10 11 01 01 05 d8  ................
 +00:36.142 > 2460  04 01 10 11 01 01 04 d9 04 01 11 10 01 01 05 d8  ................
 +00:36.174 > 2470  04 01 11 10 01 01 04 d9 04 01 10 11 01 01 05 d8  ................
 +00:36.190 > 2480  04 01 10 11 01 01 04 d9 04 01 11 10 01 01 05 d8  ................
 +00:36.222 > 2490  04 01 11 10 01 01 04 d9 04 01 10 11 01 01 05 d8  ................
 +00:36.238 > 24a0  04 01 10 11 01 01 04 d9 04 01 11 10 01 01 05 d8  ................
 +00:36.270 > 24b0  04 01 11 10 01 01 04 d9 04 01 10 11 01 01 05 d8  ................
 +00:36.286 > 24c0  04 01 10 11 01 01 04 d9 04 01 11 10 01 01 05 d8  ................
 +00:36.318 > 24d0  04 01 11 10 01 01 04 d9 04 01 10 11 01 01 05 d8  ................
 +00:36.350 > 24e0  04 01 10 11 01 01 04 d9 04 01 11 10 01 01 05 d8  ................
 +00:36.366 > 24f0  04 01 11 10 01 01 04 d9 04 01 10 11 01 01 05 d8  ................
 +00:36.399 > 2500  04 01 10 11 01 01 04 d9 04 01 11 10 01 01 05 d8  ................
 +00:36.415 > 2510  04 01 11 10 01 01 04 d9 04 01 10 11 01 01 05 d8  ................
 +00:36.447 > 2520  04 01 10 11 01 01 04 d9 04 01 11 10 01 01 05 d8  ................
 +00:36.463 > 2530  04 01 11 10 01 01 04 d9 04 01 10 11 01 01 05 d8  ................
 +00:36.495 > 2540  04 01 10 11 01 01 04 d9 04 01 11 10 01 01 05 d8  ................
 +00:36.527 > 2550  04 01 11 10 01 01 04 d9 04 01 10 11 01 01 05 d8  ................
 +00:36.543 > 2560  04 01 10 11 01 01 04 d9 04 01 11 10 01 01 05 d8  ................
 +00:36.575 > 2570  04 01 11 10 01 01 04 d9 04 01 10 11 01 01 05 d8  ................
 +00:36.591 > 2580  04 01 10 11 01 01 04 d9 04 01 11 10 01 01 05 d8  ................
 +00:36.623 > 2590  04 01 11 10 01 01 04 d9 04 01 10 11 01 01 05 d8  ................
 +00:36.639 > 25a0  04 01 10 11 01 01 04 d9 04 01 11 10 01 01 05 d8  ................
 +00:36.671 > 25b0  04 01 11 10 01 01 04 d9 04 01 10 11 01 01 05 d8  ................
 +00:36.687 > 25c0  04 01 10 11 01 01 04 d9 04 01 11 10 01 01 05 d8  ................
 +00:36.720 > 25d0  04 01 11 10 01 01 04 d9 04 01 10 11 01 01 05 d8  ................
 +00:36.752 > 25e0  04 01 10 11 01 01 04 d9 04 01 11 10 01 01 05 d8  ................
 +00:36.768 > 25f0  04 01 11 10 01 01 04 d9 04 01 10 11 01 01 05 d8  ................
 +00:36.800 > 2600  04 01 10 11 01 01 04 d9 04 01 11 10 01 01 05 d8  ................
 +00:36.832 > 2610  04 01 11 10 01 01 04 d9 04 01 10 11 01 01 05 d8  ................
 +00:36.848 > 2620  04 01 10 11 01 01 04 d9 04 01 11 10 01 01 05 d8  ................
 +00:36.880 > 2630  04 01 11 10 01 01 04 d9 04 01 10 11 01 01 05 d8  ................
 +00:36.896 > 2640  04 01 10 11 01 01 04 d9 04 01 11 10 01 01 05 d8  ................
 +00:36.928 > 2650  04 01 11 10 01 01 04 d9 04 01 10 11 01 01 05 d8  ................
 +00:36.960 > 2660  04 01 10 11 01 01 04 d9 04 01 11 10 01 01 05 d8  ................
 +00:36.976 > 2670  04 01 11 10 01 01 04 d9 04 01 10 11 01 01 05 d8  ................
 +00:37.008 > 2680  04 01 10 11 01 01 04 d9 04 01 11 10 01 01 05 d8  ................
 +00:37.025 > 2690  04 01 11 10 01 01 04 d9 04 01 10 11 01 01 05 d8  ................
 +00:37.057 > 26a0  04 01 10 11 01 01 04 d9 04 01 11 10 01 01 05 d8  ................
 +00:37.073 > 26b0  04 01 11 10 01 01 04 d9 04 01 10 11 01 01 05 d8  ................
 +00:37.105 > 26c0  04 01 10 11 01 01 04 d9 04 01 11 10 01 01 05 d8  ................
 +00:37.121 > 26d0  04 01 11 10 01 01 04 d9 04 01 10 11 01 01 05 d8  ................
 +00:37.137 > 26e0  04 01 10 11 01 1d 20 02 20 0c 21 0a 22 0f 22 00  ...... . .!.".".
 +00:37.153 > 26f0  30 02 30 00 22 17 00 0e 50 0f 50 0a 50 0b 50 08  0.0."...P.P.P.P.
            > 2700  22 06 22 96 04 01 11 10 01 54 21 0f 50 04 00 00  "."......T!.P...
            > 2710  2f 43 0e 50 04 00 00 2f 43 0b 50 04 00 00 00 42  /C.P.../C.P....B
 +00:37.169 > 2720  0a 50 04 00 00 00 42 02 30 01 01 00 30 01 00 0f  .P....B.0...0...
            > 2730  22 01 00 0a 22 04 00 00 20 42 08 22 04 00 00 2f  "..."... B.".../
            > 2740  43 06 22 04 00 00 2f 43 00 22 04 40 38 00 00 0c  C.".../C.".@8...
            > 2750  21 01 01 02 20 01 01 17 00 04 ff ff ff ff 10 04  !... ...........
 +00:37.201 > 2760  01 10 11 01 01 04 d9 04 01 11 10 01 01 05 d8 04  ................
 +00:37.217 > 2770  01 11 10 01 01 04 d9 04 01 10 11 01 01 05 d8 04  ................
 +00:37.249 > 2780  01 10 11 01 01 04 d9 04 01 11 10 01 01 05 d8 04  ................
 +00:37.265 > 2790  01 11 10 01 01 04 d9 04 01 10 11 01 01 05 d8 04  ................
 +00:37.297 > 27a0  01 10 11 01 01 04 d9 04 01 11 10 01 01 05 d8 04  ................
 +00:37.329 > 27b0  01 11 10 01 01 04 d9 04 01 10 11 01 01 05 d8 04  ................
 +00:37.345 > 27c0  01 10 11 01 01 04 d9 04 01 11 10 01 01 05 d8 04  ................
 +00:37.378 > 27d0  01 11 10 01 01 04 d9 04 01 10 11 01 01 05 d8 04  ................
 +00:37.394 > 27e0  01 10 11 01 01 04 d9 04 01 11 10 01 01 05 d8 04  ................
 +00:37.426 > 27f0  01 11 10 01 01 04 d9 04 01 10 11 01 01 05 d8 04  ................
 +00:37.458 > 2800  01 10 11 01 01 04 d9 04 01 11 10 01 01 05 d8 04  ................
 +00:37.474 > 2810  01 11 10 01 01 04 d9 04 01 10 11 01 01 05 d8 04  ................
 +00:37.506 > 2820  01 10 11 01 01 04 d9 04 01 11 10 01 01 05 d8 04  ................
 +00:37.522 > 2830  01 11 10 01 01 04 d9 04 01 10 11 01 01 05 d8 04  ................
 +00:37.554 > 2840  01 10 11 01 01 04 d9 04 01 11 10 01 01 05 d8 04  ................
 +00:37.586 > 2850  01 11 10 01 01 04 d9 04 01 10 11 01 01 05 d8 04  ................
 +00:37.602 > 2860  01 10 11 01 01 04 d9 04 01 11 10 01 01 05 d8 04  ................
 +00:37.634 > 2870  01 11 10 01 01 04 d9 04 01 10 11 01 01 05 d8 04  ................
 +00:37.650 > 2880  01 10 11 01 01 04 d9 04 01 11 10 01 01 05 d8 04  ................
 +00:37.683 > 2890  01 11 10 01 01 04 d9 04 01 10 11 01 01 05 d8 04  ................
 +00:37.699 > 28a0  01 10 11 01 01 04 d9 04 01 11 10 01 01 05 d8 04  ................
 +00:37.731 > 28b0  01 11 10 01 01 04 d9 04 01 10 11 01 01 05 d8 04  ................
 +00:37.747 > 28c0  01 10 11 01 01 04 d9 04 01 11 10 01 01 05 d8 04  ................
 +00:37.779 > 28d0  01 11 10 01 01 04 d9 04 01 10 11 01 01 05 d8 04  ................
 +00:37.811 > 28e0  01 10 11 01 01 04 d9 04 01 11 10 01 01 05 d8 04  ................
 +00:37.827 > 28f0  01 11 10 01 01 04 d9 04 01 10 11 01 01 05 d8 04  ................
 +00:37.859 > 2900  01 10 11 01 01 04 d9 04 01 11 10 01 01 05 d8 04  ................
 +00:37.875 > 2910  01 11 10 01 01 04 d9 04 01 10 11 01 01 05 d8 04  ................
 +00:37.907 > 2920  01 10 11 01 01 04 d9 04 01 11 10 01 01 05 d8 04  ................
 +00:37.923 > 2930  01 11 10 01 01 04 d9 04 01 10 11 01 01 05 d8 04  ................
 +00:37.955 > 2940  01 10 11 01 01 04 d9 04 01 11 10 01 01 05 d8 04  ................
 +00:37.988 > 2950  01 11 10 01 01 04 d9 04 01 10 11 01 01 05 d8 04  ................
 +00:38.004 > 2960  01 10 11 01 01 04 d9 04 01 11 10 01 01 05 d8 04  ................
 +00:38.036 > 2970  01 11 10 01 01 04 d9 04 01 10 11 01 01 05 d8 04  ................
 +00:38.052 > 2980  01 10 11 01 01 04 d9 04 01 11 10 01 01 05 d8 04  ................
 +00:38.084 > 2990  01 11 10 01 01 04 d9 04 01 10 11 01 01 05 d8 04  ................
 +00:38.100 > 29a0  01 10 11 01 01 04 d9 04 01 11 10 01 01 05 d8 04  ................
 +00:38.132 > 29b0  01 11 10 01 01 04 d9 04 01 10 11 01 01 05 d8 04  ................
 +00:38.148 > 29c0  01 10 11 01 01 04 d9 04 01 11 10 01 01 05 d8 04  ................
 +00:38.180 > 29d0  01 11 10 01 01 04 d9 04 01 10 11 01 01 05 d8 04  ................
 +00:38.196 > 29e0  01 10 11 01 01 04 d9 04 01 11 10 01 01 05 d8 04  ................
 +00:38.228 > 29f0  01 11 10 01 01 04 d9 04 01 10 11 01 01 05 d8 04  ................
 +00:38.260 > 2a00  01 10 11 01 01 04 d9 04 01 11 10 01 01 05 d8 04  ................
 +00:38.276 > 2a10  01 11 10 01 01 04 d9 04 01 10 11 01 01 05 d8 04  ................
 +00:38.308 > 2a20  01 10 11 01 01 04 d9 04 01 11 10 01 01 05 d8 04  ................
 +00:38.325 > 2a30  01 11 10 01 01 04 d9 04 01 10 11 01 01 05 d8 04  ................
 +00:38.357 > 2a40  01 10 11 01 01 04 d9 04 01 11 10 01 01 05 d8 04  ................
 +00:38.373 > 2a50  01 11 10 01 01 04 d9 04 01 10 11 01 01 05 d8 04  ................
 +00:38.405 > 2a60  01 10 11 01 01 04 d9 04 01 11 10 01 01 05 d8 04  ................
 +00:38.437 > 2a70  01 11 10 01 01 04 d9 04 01 10 11 01 01 05 d8 04  ................
 +00:38.469 > 2a80  01 10 11 01 01 04 d9 04 01 11 10 01 01 05 d8 04  ................
 +00:38.485 > 2a90  01 11 10 01 01 04 d9 04 01 10 11 01 01 05 d8 04  ................
 +00:38.517 > 2aa0  01 10 11 01 01 04 d9 04 01 11 10 01 01 05 d8 04  ................
 +00:38.533 > 2ab0  01 11 10 01 01 04 d9 04 01 10 11 01 01 05 d8 04  ................
 +00:38.565 > 2ac0  01 10 11 01 01 04 d9 04 01 11 10 01 01 05 d8 04  ................
 +00:38.597 > 2ad0  01 11 10 01 01 04 d9 04 01 10 11 01 01 05 d8 04  ................
 +00:38.613 > 2ae0  01 10 11 01 01 04 d9 04 01 11 10 01 01 05 d8 04  ................
 +00:38.646 > 2af0  01 11 10 01 01 04 d9 04 01 10 11 01 01 05 d8 04  ................
 +00:38.678 > 2b00  01 10 11 01 01 04 d9 04 01 11 10 01 01 05 d8 04  ................
 +00:38.694 > 2b10  01 11 10 01 01 04 d9 04 01 10 11 01 01 05 d8 04  ................
 +00:38.726 > 2b20  01 10 11 01 01 04 d9 04 01 11 10 01 01 05 d8 04  ................
 +00:38.742 > 2b30  01 11 10 01 01 04 d9 04 01 10 11 01 01 05 d8 04  ................
 +00:38.774 > 2b40  01 10 11 01 01 04 d9 04 01 11 10 01 01 05 d8 04  ................
 +00:38.806 > 2b50  01 11 10 01 01 04 d9 04 01 10 11 01 01 05 d8 04  ................
 +00:38.822 > 2b60  01 10 11 01 01 04 d9 04 01 11 10 01 01 05 d8 04  ................
 +00:38.854 > 2b70  01 11 10 01 01 04 d9 04 01 10 11 01 01 05 d8 04  ................
 +00:38.870 > 2b80  01 10 11 01 01 04 d9 04 01 11 10 01 01 05 d8 04  ................
 +00:38.902 > 2b90  01 11 10 01 01 04 d9 04 01 10 11 01 01 05 d8 04  ................
 +00:38.918 > 2ba0  01 10 11 01 01 04 d9 04 01 11 10 01 01 05 d8 04  ................
 +00:38.951 > 2bb0  01 11 10 01 01 04 d9 04 01 10 11 01 01 05 d8 04  ................
 +00:38.983 > 2bc0  01 10 11 01 01 04 d9 04 01 11 10 01 01 05 d8 04  ................
 +00:38.999 > 2bd0  01 11 10 01 01 04 d9 04 01 10 11 01 01 05 d8 04  ................
 +00:39.031 > 2be0  01 10 11 01 01 04 d9 04 01 11 10 01 01 05 d8 04  ................
 +00:39.063 > 2bf0  01 11 10 01 01 04 d9 04 01 10 11 01 01 05 d8 04  ................
 +00:39.095 > 2c00  01 10 11 01 01 04 d9 04 01 11 10 01 01 05 d8 04  ................
 +00:39.111 > 2c10  01 11 10 01 01 04 d9 04 01 10 11 01 01 05 d8 04  ................
 +00:39.143 > 2c20  01 10 11 01 01 04 d9 04 01 11 10 01 01 05 d8 04  ................
 +00:39.175 > 2c30  01 11 10 01 01 04 d9 04 01 10 11 01 01 05 d8 04  ................
 +00:39.191 > 2c40  01 10 11 01 01 04 d9 04 01 11 10 01 01 05 d8 04  ................
 +00:39.223 > 2c50  01 11 10 01 01 04 d9 04 01 10 11 01 01 05 d8 04  ................
 +00:39.239 > 2c60  01 10 11 01 01 04 d9 04 01 11 10 01 01 05 d8 04  ................
 +00:39.271 > 2c70  01 11 10 01 01 04 d9 04 01 10 11 01 01 05 d8 04  ................
 +00:39.287 > 2c80  01 10 11 01 01 04 d9 04 01 11 10 01 01 05 d8 04  ................
 +00:39.320 > 2c90  01 11 10 01 01 04 d9 04 01 10 11 01 01 05 d8 04  ................
 +00:39.352 > 2ca0  01 10 11 01 01 04 d9 04 01 11 10 01 01 05 d8 04  ................
 +00:39.368 > 2cb0  01 11 10 01 01 04 d9 04 01 10 11 01 01 05 d8 04  ................
 +00:39.400 > 2cc0  01 10 11 01 01 04 d9 04 01 11 10 01 01 05 d8 04  ................
 +00:39.416 > 2cd0  01 11 10 01 01 04 d9 04 01 10 11 01 01 05 d8 04  ................
 +00:39.448 > 2ce0  01 10 11 01 01 04 d9 04 01 11 10 01 01 05 d8 04  ................
 +00:39.464 > 2cf0  01 11 10 01 01 04 d9 04 01 10 11 01 01 05 d8 04  ................
 +00:39.496 > 2d00  01 10 11 01 01 04 d9 04 01 11 10 01 01 05 d8 04  ................
 +00:39.528 > 2d10  01 11 10 01 01 04 d9 04 01 10 11 01 01 05 d8 04  ................
 +00:39.560 > 2d20  01 10 11 01 01 04 d9 04 01 11 10 01 01 05 d8 04  ................
 +00:39.576 > 2d30  01 11 10 01 01 04 d9 04 01 10 11 01 01 05 d8 04  ................
 +00:39.608 > 2d40  01 10 11 01 01 04 d9 04 01 11 10 01 01 05 d8 04  ................
 +00:39.625 > 2d50  01 11 10 01 01 04 d9 04 01 10 11 01 01 05 d8 04  ................
 +00:39.657 > 2d60  01 10 11 01 01 04 d9 04 01 11 10 01 01 05 d8 04  ................
 +00:39.673 > 2d70  01 11 10 01 01 04 d9 04 01 10 11 01 01 05 d8 04  ................
 +00:39.705 > 2d80  01 10 11 01 01 04 d9 04 01 11 10 01 01 05 d8 04  ................
 +00:39.737 > 2d90  01 11 10 01 01 04 d9 04 01 10 11 01 01 05 d8 04  ................
 +00:39.769 > 2da0  01 10 11 01 01 04 d9 04 01 11 10 01 01 05 d8 04  ................
 +00:39.801 > 2db0  01 11 10 01 01 04 d9 04 01 10 11 01 01 05 d8 04  ................
 +00:39.833 > 2dc0  01 10 11 01 01 04 d9 04 01 11 10 01 01 05 d8 04  ................
 +00:39.849 > 2dd0  01 11 10 01 01 04 d9 04 01 10 11 01 01 05 d8 04  ................
 +00:39.881 > 2de0  01 10 11 01 01 04 d9 04 01 11 10 01 01 05 d8 04  ................
 +00:39.897 > 2df0  01 11 10 01 01 04 d9 04 01 10 11 01 01 05 d8 04  ................
 +00:39.929 > 2e00  01 10 11 01 01 04 d9 04 01 11 10 01 01 05 d8 04  ................
 +00:39.946 > 2e10  01 11 10 01 01 04 d9 04 01 10 11 01 01 05 d8 04  ................
 +00:39.978 > 2e20  01 10 11 01 01 04 d9 04 01 11 10 01 01 05 d8 04  ................
 +00:40.010 > 2e30  01 11 10 01 01 04 d9 04 01 10 11 01 01 05 d8 04  ................
 +00:40.026 > 2e40  01 10 11 01 01 04 d9 04 01 11 10 01 01 05 d8 04  ................
 +00:40.058 > 2e50  01 11 10 01 01 04 d9 04 01 10 11 01 01 05 d8 04  ................
 +00:40.074 > 2e60  01 10 11 01 01 04 d9 04 01 11 10 01 01 05 d8 04  ................
 +00:40.106 > 2e70  01 11 10 01 01 04 d9 04 01 10 11 01 01 05 d8 04  ................
 +00:40.138 > 2e80  01 10 11 01 01 04 d9 04 01 11 10 01 01 05 d8 04  ................
 +00:40.154 > 2e90  01 11 10 01 01 04 d9 04 01 10 11 01 01 05 d8 04  ................
 +00:40.186 > 2ea0  01 10 11 01 01 04 d9 04 01 11 10 01 01 05 d8 04  ................
 +00:40.218 > 2eb0  01 11 10 01 01 04 d9 04 01 10 11 01 01 05 d8 04  ................
            > 2ec0  01 10 11 01 1d 20 02 20 0c 21 0a 22 0f 22 00 30  ..... . .!.".".0
 +00:40.234 > 2ed0  02 30 00 22 17 00 0e 50 0f 50 0a 50 0b 50 08 22  .0."...P.P.P.P."
            > 2ee0  06 22 96 04 01 11 10 01 54 21 0f 50 04 00 00 2f  ."......T!.P.../
            > 2ef0  43 0e 50 04 00 00 2f 43 0b 50 04 00 00 00 42 0a  C.P.../C.P....B.
 +00:40.250 > 2f00  50 04 00 00 00 42 02 30 01 01 00 30 01 00 0f 22  P....B.0...0..."
            > 2f10  01 00 0a 22 04 00 00 20 42 08 22 04 00 00 2f 43  ..."... B.".../C
            > 2f20  06 22 04 00 00 2f 43 00 22 04 40 38 00 00 0c 21  .".../C.".@8...!
 +00:40.266 > 2f30  01 01 02 20 01 01 17 00 04 ff ff ff ff 10 04 01  ... ............
 +00:40.299 > 2f40  10 11 01 01 04 d9 04 01 11 10 01 01 05 d8 04 01  ................
 +00:40.331 > 2f50  11 10 01 01 04 d9 04 01 10 11 01 01 05 d8 04 01  ................
 +00:40.347 > 2f60  10 11 01 01 04 d9 04 01 11 10 01 01 05 d8 04 01  ................
 +00:40.363 > 2f70  11 10 01 01 04 d9 04 01 10 11 01 01 05 d8 04 01  ................
 +00:40.379 > 2f80  10 11 01 08 40 07 50 04 ff ff ff ff 3f 04 01 11  ....@.P.....?...
 +00:40.395 > 2f90  10 01 03 41 07 50 43 04 01 10 11 01 01 04 d9 04  ...A.PC.........
 +00:40.411 > 2fa0  01 11 10 01 01 05 d8 04 01 11 10 01 01 04 d9 04  ................
 +00:40.443 > 2fb0  01 10 11 01 01 05 d8 04 01 10 11 01 01 04 d9 04  ................
 +00:40.475 > 2fc0  01 11 10 01 01 05 d8 04 01 11 10 01 01 04 d9 04  ................
 +00:40.491 > 2fd0  01 10 11 01 01 05 d8 04 01 10 11 01 01 04 d9 04  ................
 +00:40.523 > 2fe0  01 11 10 01 01 05 d8 04 01 11 10 01 01 04 d9 04  ................
 +00:40.539 > 2ff0  01 10 11 01 01 05 d8 04 01 10 11 01 01 04 d9 04  ................
 +00:40.571 > 3000  01 11 10 01 01 05 d8 04 01 11 10 01 01 04 d9 04  ................
 +00:40.587 > 3010  01 10 11 01 01 05 d8 04 01 10 11 01 01 04 d9 04  ................
 +00:40.620 > 3020  01 11 10 01 01 05 d8 04 01 11 10 01 01 04 d9 04  ................
 +00:40.636 > 3030  01 10 11 01 01 05 d8 04 01 10 11 01 01 04 d9 04  ................
 +00:40.668 > 3040  01 11 10 01 01 05 d8 04 01 11 10 01 01 04 d9 04  ................
 +00:40.700 > 3050  01 10 11 01 01 05 d8 04 01 10 11 01 01 04 d9 04  ................
 +00:40.716 > 3060  01 11 10 01 01 05 d8 04 01 11 10 01 01 04 d9 04  ................
 +00:40.748 > 3070  01 10 11 01 01 05 d8 04 01 10 11 01 01 04 d9 04  ................
 +00:40.764 > 3080  01 11 10 01 01 05 d8 04 01 11 10 01 01 04 d9 04  ................
 +00:40.796 > 3090  01 10 11 01 01 05 d8 04 01 10 11 01 01 04 d9 04  ................
 +00:40.812 > 30a0  01 11 10 01 01 05 d8 04 01 11 10 01 01 04 d9 04  ................
 +00:40.844 > 30b0  01 10 11 01 01 05 d8 04 01 10 11 01 01 04 d9 04  ................
 +00:40.876 > 30c0  01 11 10 01 01 05 d8 04 01 11 10 01 01 04 d9 04  ................
 +00:40.892 > 30d0  01 10 11 01 01 05 d8 04 01 10 11 01 01 04 d9 04  ................
 +00:40.925 > 30e0  01 11 10 01 01 05 d8 04 01 11 10 01 01 04 d9 04  ................
 +00:40.941 > 30f0  01 10 11 01 01 05 d8 04 01 10 11 01 01 04 d9 04  ................
 +00:40.973 > 3100  01 11 10 01 01 05 d8 04 01 11 10 01 01 04 d9 04  ................
 +00:40.989 > 3110  01 10 11 01 01 05 d8 04 01 10 11 01 01 04 d9 04  ................
 +00:41.021 > 3120  01 11 10 01 01 05 d8 04 01 11 10 01 01 04 d9 04  ................
 +00:41.053 > 3130  01 10 11 01 01 05 d8 04 01 10 11 01 01 04 d9 04  ................
 +00:41.069 > 3140  01 11 10 01 01 05 d8 04 01 11 10 01 01 04 d9 04  ................
 +00:41.101 > 3150  01 10 11 01 01 05 d8 04 01 10 11 01 01 04 d9 04  ................
 +00:41.133 > 3160  01 11 10 01 01 05 d8 04 01 11 10 01 01 04 d9 04  ................
 +00:41.149 > 3170  01 10 11 01 01 05 d8 04 01 10 11 01 01 04 d9 04  ................
 +00:41.182 > 3180  01 11 10 01 01 05 d8 04 01 11 10 01 01 04 d9 04  ................
 +00:41.197 > 3190  01 10 11 01 01 05 d8 04 01 10 11 01 01 04 d9 04  ................
 +00:41.229 > 31a0  01 11 10 01 01 05 d8 04 01 11 10 01 01 04 d9 04  ................
 +00:41.246 > 31b0  01 10 11 01 01 05 d8 04 01 10 11 01 01 04 d9 04  ................
 +00:41.278 > 31c0  01 11 10 01 01 05 d8 04 01 11 10 01 01 04 d9 04  ................
 +00:41.294 > 31d0  01 10 11 01 01 05 d8 04 01 10 11 01 01 04 d9 04  ................
 +00:41.326 > 31e0  01 11 10 01 01 05 d8 04 01 11 10 01 01 04 d9 04  ................
 +00:41.358 > 31f0  01 10 11 01 01 05 d8 04 01 10 11 01 01 04 d9 04  ................
 +00:41.374 > 3200  01 11 10 01 01 05 d8 04 01 11 10 01 01 04 d9 04  ................
 +00:41.406 > 3210  01 10 11 01 01 05 d8 04 01 10 11 01 01 04 d9 04  ................
 +00:41.422 > 3220  01 11 10 01 01 05 d8 04 01 11 10 01 01 04 d9 04  ................
 +00:41.454 > 3230  01 10 11 01 01 05 d8 04 01 10 11 01 01 04 d9 04  ................
 +00:41.470 > 3240  01 11 10 01 01 05 d8 04 01 11 10 01 01 04 d9 04  ................
 +00:41.502 > 3250  01 10 11 01 01 05 d8 04 01 10 11 01 01 04 d9 04  ................
 +00:41.534 > 3260  01 11 10 01 01 05 d8 04 01 11 10 01 01 04 d9 04  ................
 +00:41.551 > 3270  01 10 11 01 01 05 d8 04 01 10 11 01 01 04 d9 04  ................
 +00:41.583 > 3280  01 11 10 01 01 05 d8 04 01 11 10 01 01 04 d9 04  ................
 +00:41.599 > 3290  01 10 11 01 01 05 d8 04 01 10 11 01 01 04 d9 04  ................
 +00:41.631 > 32a0  01 11 10 01 01 05 d8 04 01 11 10 01 01 04 d9 04  ................
 +00:41.647 > 32b0  01 10 11 01 01 05 d8 04 01 10 11 01 01 04 d9 04  ................
 +00:41.679 > 32c0  01 11 10 01 01 05 d8 04 01 11 10 01 01 04 d9 04  ................
 +00:41.695 > 32d0  01 10 11 01 01 05 d8 04 01 10 11 01 01 04 d9 04  ................
 +00:41.727 > 32e0  01 11 10 01 01 05 d8 04 01 11 10 01 01 04 d9 04  ................
 +00:41.759 > 32f0  01 10 11 01 01 05 d8 04 01 10 11 01 01 04 d9 04  ................
 +00:41.775 > 3300  01 11 10 01 01 05 d8 04 01 11 10 01 01 04 d9 04  ................
 +00:41.807 > 3310  01 10 11 01 01 05 d8 04 01 10 11 01 01 04 d9 04  ................
 +00:41.823 > 3320  01 11 10 01 01 05 d8 04 01 11 10 01 01 04 d9 04  ................
 +00:41.856 > 3330  01 10 11 01 01 05 d8 04 01 10 11 01 01 04 d9 04  ................
 +00:41.871 > 3340  01 11 10 01 01 05 d8 04 01 11 10 01 01 04 d9 04  ................
 +00:41.904 > 3350  01 10 11 01 01 05 d8 04 01 10 11 01 01 04 d9 04  ................
 +00:41.936 > 3360  01 11 10 01 01 05 d8 04 01 11 10 01 01 04 d9 04  ................
 +00:41.952 > 3370  01 10 11 01 01 05 d8 04 01 10 11 01 01 04 d9 04  ................
 +00:41.984 > 3380  01 11 10 01 01 05 d8 04 01 11 10 01 01 04 d9 04  ................
 +00:42.016 > 3390  01 10 11 01 01 05 d8 04 01 10 11 01 01 04 d9 04  ................
 +00:42.032 > 33a0  01 11 10 01 01 05 d8 04 01 11 10 01 01 04 d9 04  ................
 +00:42.064 > 33b0  01 10 11 01 01 05 d8 04 01 10 11 01 01 04 d9 04  ................
 +00:42.096 > 33c0  01 11 10 01 01 05 d8 04 01 11 10 01 01 04 d9 04  ................
 +00:42.112 > 33d0  01 10 11 01 01 05 d8 04 01 10 11 01 01 04 d9 04  ................
 +00:42.144 > 33e0  01 11 10 01 01 05 d8 04 01 11 10 01 01 04 d9 04  ................
 +00:42.176 > 33f0  01 10 11 01 01 05 d8 04 01 10 11 01 01 04 d9 04  ................
 +00:42.193 > 3400  01 11 10 01 01 05 d8 04 01 11 10 01 01 04 d9 04  ................
 +00:42.225 > 3410  01 10 11 01 01 05 d8 04 01 10 11 01 01 04 d9 04  ................
 +00:42.241 > 3420  01 11 10 01 01 05 d8 04 01 11 10 01 01 04 d9 04  ................
 +00:42.273 > 3430  01 10 11 01 01 05 d8 04 01 10 11 01 01 04 d9 04  ................
 +00:42.305 > 3440  01 11 10 01 01 05 d8 04 01 11 10 01 01 04 d9 04  ................
 +00:42.321 > 3450  01 10 11 01 01 05 d8 04 01 10 11 01 01 04 d9 04  ................
 +00:42.353 > 3460  01 11 10 01 01 05 d8 04 01 11 10 01 01 04 d9 04  ................
 +00:42.369 > 3470  01 10 11 01 01 05 d8 04 01 10 11 01 01 04 d9 04  ................
 +00:42.401 > 3480  01 11 10 01 01 05 d8 04 01 11 10 01 01 04 d9 04  ................
 +00:42.417 > 3490  01 10 11 01 01 05 d8 04 01 10 11 01 01 04 d9 04  ................
 +00:42.449 > 34a0  01 11 10 01 01 05 d8 04 01 11 10 01 01 04 d9 04  ................
 +00:42.481 > 34b0  01 10 11 01 01 05 d8 04 01 10 11 01 01 04 d9 04  ................
 +00:42.497 > 34c0  01 11 10 01 01 05 d8 04 01 11 10 01 01 04 d9 04  ................
 +00:42.530 > 34d0  01 10 11 01 01 05 d8 04 01 10 11 01 01 04 d9 04  ................
 +00:42.562 > 34e0  01 11 10 01 01 05 d8 04 01 11 10 01 01 04 d9 04  ................
 +00:42.578 > 34f0  01 10 11 01 01 05 d8 04 01 10 11 01 01 04 d9 04  ................
 +00:42.610 > 3500  01 11 10 01 01 05 d8 04 01 11 10 01 01 04 d9 04  ................
 +00:42.642 > 3510  01 10 11 01 01 05 d8 04 01 10 11 01 01 04 d9 04  ................
 +00:42.658 > 3520  01 11 10 01 01 05 d8 04 01 11 10 01 01 04 d9 04  ................
 +00:42.690 > 3530  01 10 11 01 01 05 d8 04 01 10 11 01 01 04 d9 04  ................
 +00:42.722 > 3540  01 11 10 01 01 05 d8 04 01 11 10 01 01 04 d9 04  ................
 +00:42.738 > 3550  01 10 11 01 01 05 d8 04 01 10 11 01 01 04 d9 04  ................
 +00:42.770 > 3560  01 11 10 01 01 05 d8 04 01 11 10 01 01 04 d9 04  ................
 +00:42.786 > 3570  01 10 11 01 01 05 d8 04 01 10 11 01 01 04 d9 04  ................
 +00:42.818 > 3580  01 11 10 01 01 05 d8 04 01 11 10 01 01 04 d9 04  ................
 +00:42.851 > 3590  01 10 11 01 01 05 d8 04 01 10 11 01 01 04 d9 04  ................
 +00:42.867 > 35a0  01 11 10 01 01 05 d8 04 01 11 10 01 01 04 d9 04  ................
 +00:42.899 > 35b0  01 10 11 01 01 05 d8 04 01 10 11 01 01 04 d9 04  ................
 +00:42.931 > 35c0  01 11 10 01 01 05 d8 04 01 11 10 01 01 04 d9 04  ................
 +00:42.947 > 35d0  01 10 11 01 01 05 d8 04 01 10 11 01 01 04 d9 04  ................
 +00:42.979 > 35e0  01 11 10 01 01 05 d8 04 01 11 10 01 01 04 d9 04  ................
 +00:42.995 > 35f0  01 10 11 01 01 05 d8 04 01 10 11 01 01 04 d9 04  ................
 +00:43.027 > 3600  01 11 10 01 01 05 d8 04 01 11 10 01 01 04 d9 04  ................
 +00:43.043 > 3610  01 10 11 01 01 05 d8 04 01 10 11 01 01 04 d9 04  ................
 +00:43.075 > 3620  01 11 10 01 01 05 d8 04 01 11 10 01 01 04 d9 04  ................
 +00:43.107 > 3630  01 10 11 01 01 05 d8 04 01 10 11 01 01 04 d9 04  ................
 +00:43.123 > 3640  01 11 10 01 01 05 d8 04 01 11 10 01 01 04 d9 04  ................
 +00:43.156 > 3650  01 10 11 01 01 05 d8 04 01 10 11 01 01 04 d9 04  ................
 +00:43.172 > 3660  01 11 10 01 01 05 d8 04 01 11 10 01 01 04 d9 04  ................
 +00:43.204 > 3670  01 10 11 01 01 05 d8 04 01 10 11 01 01 04 d9 04  ................
 +00:43.220 > 3680  01 11 10 01 01 05 d8 04 01 11 10 01 01 04 d9 04  ................
 +00:43.252 > 3690  01 10 11 01 01 05 d8 04 01 10 11 01 01 04 d9 04  ................
 +00:43.284 > 36a0  01 11 10 01 01 05 d8 04 01 11 10 01 01 04 d9 04  ................
 +00:43.300 > 36b0  01 10 11 01 01 05 d8 04 01 10 11 01 1d 20 02 20  ............. . 
            > 36c0  0c 21 0a 22 0f 22 00 30 02 30 00 22 17 00 0e 50  .!.".".0.0."...P
            > 36d0  0f 50 0a 50 0b 50 08 22 06 22 96 04 01 11 10 01  .P.P.P."."......
 +00:43.331 > 36e0  54 21 0f 50 04 00 00 2f 43 0e 50 04 00 00 2f 43  T!.P.../C.P.../C
            > 36f0  0b 50 04 00 00 00 42 0a 50 04 00 00 00 42 02 30  .P....B.P....B.0
            > 3700  01 01 00 30 01 00 0f 22 01 00 0a 22 04 00 00 20  ...0..."..."... 
            > 3710  42 08 22 04 00 00 2f 43 06 22 04 00 00 2f 43 00  B.".../C.".../C.
            > 3720  22 04 40 38 00 00 0c 21 01 01 02 20 01 01 17 00  ".@8...!... ....
 +00:43.347 > 3730  04 ff ff ff ff 10 04 01 10 11 01 01 04 d9 04 01  ................
 +00:43.379 > 3740  11 10 01 01 05 d8 04 01 11 10 01 01 04 d9 04 01  ................
 +00:43.395 > 3750  10 11 01 01 05 d8 04 01 10 11 01 01 04 d9 04 01  ................
 +00:43.427 > 3760  11 10 01 01 05 d8 04 01 11 10 01 01 04 d9 04 01  ................
 +00:43.459 > 3770  10 11 01 01 05 d8 04 01 10 11 01 01 04 d9 04 01  ................
 +00:43.476 > 3780  11 10 01 01 05 d8 04 01 11 10 01 01 04 d9 04 01  ................
 +00:43.508 > 3790  10 11 01 01 05 d8 04 01 10 11 01 01 04 d9 04 01  ................
 +00:43.524 > 37a0  11 10 01 01 05 d8 04 01 11 10 01 01 04 d9 04 01  ................
 +00:43.556 > 37b0  10 11 01 01 05 d8 04 01 10 11 01 01 04 d9 04 01  ................
 +00:43.572 > 37c0  11 10 01 01 05 d8 04 01 11 10 01 01 04 d9 04 01  ................
 +00:43.604 > 37d0  10 11 01 01 05 d8 04 01 10 11 01 01 04 d9 04 01  ................
 +00:43.636 > 37e0  11 10 01 01 05 d8 04 01 11 10 01 01 04 d9 04 01  ................
 +00:43.652 > 37f0  10 11 01 01 05 d8 04 01 10 11 01 01 04 d9 04 01  ................
 +00:43.684 > 3800  11 10 01 01 05 d8 04 01 11 10 01 01 04 d9 04 01  ................
 +00:43.700 > 3810  10 11 01 01 05 d8 04 01 10 11 01 01 04 d9 04 01  ................
 +00:43.732 > 3820  11 10 01 01 05 d8 04 01 11 10 01 01 04 d9 04 01  ................
 +00:43.748 > 3830  10 11 01 01 05 d8 04 01 10 11 01 01 04 d9 04 01  ................
 +00:43.780 > 3840  11 10 01 01 05 d8 04 01 11 10 01 01 04 d9 04 01  ................
 +00:43.796 > 3850  10 11 01 01 05 d8 04 01 10 11 01 01 04 d9 04 01  ................
 +00:43.829 > 3860  11 10 01 01 05 d8 04 01 11 10 01 01 04 d9 04 01  ................
 +00:43.861 > 3870  10 11 01 01 05 d8 04 01 10 11 01 01 04 d9 04 01  ................
 +00:43.877 > 3880  11 10 01 01 05 d8 04 01 11 10 01 01 04 d9 04 01  ................
 +00:43.909 > 3890  10 11 01 01 05 d8 04 01 10 11 01 01 04 d9 04 01  ................
 +00:43.925 > 38a0  11 10 01 01 05 d8 04 01 11 10 01 01 04 d9 04 01  ................
 +00:43.957 > 38b0  10 11 01 01 05 d8 04 01 10 11 01 01 04 d9 04 01  ................
 +00:43.973 > 38c0  11 10 01 01 05 d8 04 01 11 10 01 01 04 d9 04 01  ................
 +00:44.005 > 38d0  10 11 01 01 05 d8 04 01 10 11 01 01 04 d9 04 01  ................
 +00:44.037 > 38e0  11 10 01 01 05 d8 04 01 11 10 01 01 04 d9 04 01  ................
 +00:44.053 > 38f0  10 11 01 01 05 d8 04 01 10 11 01 01 04 d9 04 01  ................
 +00:44.085 > 3900  11 10 01 01 05 d8 04 01 11 10 01 01 04 d9 04 01  ................
 +00:44.101 > 3910  10 11 01 01 05 d8 04 01 10 11 01 01 04 d9 04 01  ................
 +00:44.134 > 3920  11 10 01 01 05 d8 04 01 11 10 01 01 04 d9 04 01  ................
 +00:44.150 > 3930  10 11 01 01 05 d8 04 01 10 11 01 01 04 d9 04 01  ................
 +00:44.182 > 3940  11 10 01 01 05 d8 04 01 11 10 01 01 04 d9 04 01  ................
 +00:44.198 > 3950  10 11 01 01 05 d8 04 01 10 11 01 01 04 d9 04 01  ................
 +00:44.230 > 3960  11 10 01 01 05 d8 04 01 11 10 01 01 04 d9 04 01  ................
 +00:44.262 > 3970  10 11 01 01 05 d8 04 01 10 11 01 01 04 d9 04 01  ................
 +00:44.278 > 3980  11 10 01 01 05 d8 04 01 11 10 01 01 04 d9 04 01  ................
 +00:44.310 > 3990  10 11 01 01 05 d8 04 01 10 11 01 01 04 d9 04 01  ................
 +00:44.326 > 39a0  11 10 01 01 05 d8 04 01 11 10 01 01 04 d9 04 01  ................
 +00:44.358 > 39b0  10 11 01 01 05 d8 04 01 10 11 01 01 04 d9 04 01  ................
 +00:44.374 > 39c0  11 10 01 01 05 d8 04 01 11 10 01 01 04 d9 04 01  ................
 +00:44.406 > 39d0  10 11 01 01 05 d8 04 01 10 11 01 01 04 d9 04 01  ................
 +00:44.438 > 39e0  11 10 01 01 05 d8 04 01 11 10 01 01 04 d9 04 01  ................
 +00:44.455 > 39f0  10 11 01 01 05 d8 04 01 10 11 01 01 04 d9 04 01  ................
 +00:44.487 > 3a00  11 10 01 01 05 d8 04 01 11 10 01 01 04 d9 04 01  ................
 +00:44.503 > 3a10  10 11 01 01 05 d8 04 01 10 11 01 01 04 d9 04 01  ................
 +00:44.535 > 3a20  11 10 01 01 05 d8 04 01 11 10 01 01 04 d9 04 01  ................
 +00:44.551 > 3a30  10 11 01 01 05 d8 04 01 10 11 01 01 04 d9 04 01  ................
 +00:44.583 > 3a40  11 10 01 01 05 d8 04 01 11 10 01 01 04 d9 04 01  ................
 +00:44.599 > 3a50  10 11 01 01 05 d8 04 01 10 11 01 01 04 d9 04 01  ................
 +00:44.631 > 3a60  11 10 01 01 05 d8 04 01 11 10 01 01 04 d9 04 01  ................
 +00:44.663 > 3a70  10 11 01 01 05 d8 04 01 10 11 01 01 04 d9 04 01  ................
 +00:44.679 > 3a80  11 10 01 01 05 d8 04 01 11 10 01 01 04 d9 04 01  ................
 +00:44.711 > 3a90  10 11 01 01 05 d8 04 01 10 11 01 01 04 d9 04 01  ................
 +00:44.727 > 3aa0  11 10 01 01 05 d8 04 01 11 10 01 01 04 d9 04 01  ................
 +00:44.759 > 3ab0  10 11 01 01 05 d8 04 01 10 11 01 01 04 d9 04 01  ................
 +00:44.775 > 3ac0  11 10 01 01 05 d8 04 01 11 10 01 01 04 d9 04 01  ................
 +00:44.808 > 3ad0  10 11 01 01 05 d8 04 01 10 11 01 01 04 d9 04 01  ................
 +00:44.840 > 3ae0  11 10 01 01 05 d8 04 01 11 10 01 01 04 d9 04 01  ................
 +00:44.856 > 3af0  10 11 01 01 05 d8 04 01 10 11 01 01 04 d9 04 01  ................
 +00:44.888 > 3b00  11 10 01 01 05 d8 04 01 11 10 01 01 04 d9 04 01  ................
 +00:44.920 > 3b10  10 11 01 01 05 d8 04 01 10 11 01 01 04 d9 04 01  ................
 +00:44.936 > 3b20  11 10 01 01 05 d8 04 01 11 10 01 01 04 d9 04 01  ................
 +00:44.968 > 3b30  10 11 01 01 05 d8 04 01 10 11 01 01 04 d9 04 01  ................
 +00:44.984 > 3b40  11 10 01 01 05 d8 04 01 11 10 01 01 04 d9 04 01  ................
 +00:45.000 > 3b50  10 11 01 01 05 d8 04 01 10 11 01 04 40 00 50 00  ............@.P.
 +00:45.016 > 3b60  4a 04 01 11 10 01 03 41 00 50 4a 04 01 10 11 01  J......A.PJ.....
 +00:45.032 > 3b70  03 20 14 00 a7 04 01 11 10 01 08 21 14 00 04 5f  . .........!..._
 +00:45.048 > 3b80  00 00 00 3e 04 01 10 11 01 01 04 d9 04 01 11 10  ...>............
 +00:45.064 > 3b90  01 01 05 d8 04 01 11 10 01 01 04 d9 04 01 10 11  ................
 +00:45.096 > 3ba0  01 01 05 d8 04 01 10 11 01 01 04 d9 04 01 11 10  ................
 +00:45.129 > 3bb0  01 01 05 d8 04 01 11 10 01 01 04 d9 04 01 10 11  ................
 +00:45.145 > 3bc0  01 01 05 d8 04 01 10 11 01 01 04 d9 04 01 11 10  ................
 +00:45.177 > 3bd0  01 01 05 d8 04 01 11 10 01 01 04 d9 04 01 10 11  ................
 +00:45.193 > 3be0  01 01 05 d8 04 01 10 11 01 01 04 d9 04 01 11 10  ................
 +00:45.225 > 3bf0  01 01 05 d8 04 01 11 10 01 01 04 d9 04 01 10 11  ................
 +00:45.241 > 3c00  01 01 05 d8 04 01 10 11 01 01 04 d9 04 01 11 10  ................
 +00:45.273 > 3c10  01 01 05 d8 04 01 11 10 01 01 04 d9 04 01 10 11  ................
 +00:45.289 > 3c20  01 01 05 d8 04 01 10 11 01 01 04 d9 04 01 11 10  ................
 +00:45.321 > 3c30  01 01 05 d8 04 01 11 10 01 01 04 d9 04 01 10 11  ................
 +00:45.353 > 3c40  01 01 05 d8 04 01 10 11 01 01 04 d9 04 01 11 10  ................
 +00:45.369 > 3c50  01 01 05 d8 04 01 11 10 01 01 04 d9 04 01 10 11  ................
 +00:45.401 > 3c60  01 01 05 d8 04 01 10 11 01 01 04 d9 04 01 11 10  ................
 +00:45.417 > 3c70  01 01 05 d8 04 01 11 10 01 01 04 d9 04 01 10 11  ................
 +00:45.450 > 3c80  01 01 05 d8 04 01 10 11 01 01 04 d9 04 01 11 10  ................
 +00:45.482 > 3c90  01 01 05 d8 04 01 11 10 01 01 04 d9 04 01 10 11  ................
 +00:45.498 > 3ca0  01 01 05 d8 04 01 10 11 01 01 04 d9 04 01 11 10  ................
 +00:45.530 > 3cb0  01 01 05 d8 04 01 11 10 01 01 04 d9 04 01 10 11  ................
 +00:45.562 > 3cc0  01 01 05 d8 04 01 10 11 01 01 04 d9 04 01 11 10  ................
 +00:45.578 > 3cd0  01 01 05 d8 04 01 11 10 01 01 04 d9 04 01 10 11  ................
 +00:45.610 > 3ce0  01 01 05 d8 04 01 10 11 01 01 04 d9 04 01 11 10  ................
 +00:45.626 > 3cf0  01 01 05 d8 04 01 11 10 01 01 04 d9 04 01 10 11  ................
 +00:45.658 > 3d00  01 01 05 d8 04 01 10 11 01 01 04 d9 04 01 11 10  ................
 +00:45.675 > 3d10  01 01 05 d8 04 01 11 10 01 01 04 d9 04 01 10 11  ................
 +00:45.706 > 3d20  01 01 05 d8 04 01 10 11 01 01 04 d9 04 01 11 10  ................
 +00:45.722 > 3d30  01 01 05 d8 04 01 11 10 01 01 04 d9 04 01 10 11  ................
 +00:45.754 > 3d40  01 01 05 d8 04 01 10 11 01 01 04 d9 04 01 11 10  ................
 +00:45.787 > 3d50  01 01 05 d8 04 01 11 10 01 01 04 d9 04 01 10 11  ................
 +00:45.803 > 3d60  01 01 05 d8 04 01 10 11 01 01 04 d9 04 01 11 10  ................
            > 3d70  01 01 05 d8 04                                   .....

 +00:45.817   Port COM6 closed
