 +00:00.000   Session started

 +00:00.028   [+] Opened port COM6 baud: 38400 bps DTR: off RTS: off DSR: off CTS: off 

 +00:00.032 > 0000  01 11 10 01 01 04 d9 04 01 10 11 01 01 05 d8 04  ................
 +00:00.064 > 0010  01 10 11 01 01 04 d9 04 01 11 10 01 01 05 d8 04  ................
 +00:00.080 > 0020  01 11 10 01 01 04 d9 04 01 10 11 01 01 05 d8 04  ................
 +00:00.112 > 0030  01 10 11 01 01 04 d9 04 01 11 10 01 01 05 d8 04  ................
 +00:00.128 > 0040  01 11 10 01 01 04 d9 04 01 10 11 01 01 05 d8 04  ................
 +00:00.160 > 0050  01 10 11 01 01 04 d9 04 01 11 10 01 01 05 d8 04  ................
 +00:00.192 > 0060  01 11 10 01 01 04 d9 04 01 10 11 01 01 05 d8 04  ................
 +00:00.208 > 0070  01 10 11 01 01 04 d9 04 01 11 10 01 01 05 d8 04  ................
 +00:00.241 > 0080  01 11 10 01 01 04 d9 04 01 10 11 01 01 05 d8 04  ................
 +00:00.257 > 0090  01 10 11 01 01 04 d9 04 01 11 10 01 01 05 d8 04  ................
 +00:00.289 > 00a0  01 11 10 01 01 04 d9 04 01 10 11 01 01 05 d8 04  ................
 +00:00.305 > 00b0  01 10 11 01 01 04 d9 04 01 11 10 01 01 05 d8 04  ................
 +00:00.337 > 00c0  01 11 10 01 01 04 d9 04 01 10 11 01 01 05 d8 04  ................
 +00:00.369 > 00d0  01 10 11 01 01 04 d9 04 01 11 10 01 01 05 d8 04  ................
 +00:00.385 > 00e0  01 11 10 01 01 04 d9 04 01 10 11 01 01 05 d8 04  ................
 +00:00.417 > 00f0  01 10 11 01 01 04 d9 04 01 11 10 01 01 05 d8 04  ................
 +00:00.449 > 0100  01 11 10 01 01 04 d9 04 01 10 11 01 01 05 d8 04  ................
 +00:00.465 > 0110  01 10 11 01 01 04 d9 04 01 11 10 01 01 05 d8 04  ................
 +00:00.497 > 0120  01 11 10 01 01 04 d9 04 01 10 11 01 01 05 d8 04  ................
 +00:00.513 > 0130  01 10 11 01 01 04 d9 04 01 11 10 01 01 05 d8 04  ................
 +00:00.545 > 0140  01 11 10 01 01 04 d9 04 01 10 11 01 01 05 d8 04  ................
 +00:00.562 > 0150  01 10 11 01 01 04 d9 04 01 11 10 01 01 05 d8 04  ................
 +00:00.594 > 0160  01 11 10 01 01 04 d9 04 01 10 11 01 01 05 d8 04  ................
 +00:00.610 > 0170  01 10 11 01 01 04 d9 04 01 11 10 01 01 05 d8 04  ................
 +00:00.642 > 0180  01 11 10 01 01 04 d9 04 01 10 11 01 01 05 d8 04  ................
 +00:00.674 > 0190  01 10 11 01 01 04 d9 04 01 11 10 01 01 05 d8 04  ................
 +00:00.690 > 01a0  01 11 10 01 01 04 d9 04 01 10 11 01 01 05 d8 04  ................
 +00:00.722 > 01b0  01 10 11 01 01 04 d9 04 01 11 10 01 01 05 d8 04  ................
 +00:00.738 > 01c0  01 11 10 01 01 04 d9 04 01 10 11 01 01 05 d8 04  ................
 +00:00.770 > 01d0  01 10 11 01 01 04 d9 04 01 11 10 01 01 05 d8 04  ................
 +00:00.802 > 01e0  01 11 10 01 01 04 d9 04 01 10 11 01 01 05 d8 04  ................
 +00:00.818 > 01f0  01 10 11 01 01 04 d9 04 01 11 10 01 01 05 d8 04  ................
 +00:00.850 > 0200  01 11 10 01 01 04 d9 04 01 10 11 01 01 05 d8 04  ................
 +00:00.882 > 0210  01 10 11 01 01 04 d9 04 01 11 10 01 01 05 d8 04  ................
 +00:00.899 > 0220  01 11 10 01 01 04 d9 04 01 10 11 01 01 05 d8 04  ................
 +00:00.915 > 0230  01 10 11 01 1d 20 02 20 0c 21 0a 22 0f 22 00 30  ..... . .!.".".0
            > 0240  02 30 00 22 17 00 0e 50 0f 50 0a 50 0b 50 08 22  .0."...P.P.P.P."
 +00:00.931 > 0250  06 22 96 04 01 11 10 01 54 21 0f 50 04 00 00 2f  ."......T!.P.../
            > 0260  43 0e 50 04 00 00 2f 43 0b 50 04 00 00 00 42 0a  C.P.../C.P....B.
            > 0270  50 04 00 00 00 42 02 30 01 01 00 30 01 00 0f 22  P....B.0...0..."
 +00:00.947 > 0280  01 00 0a 22 04 00 00 20 42 08 22 04 00 00 2f 43  ..."... B.".../C
            > 0290  06 22 04 00 00 2f 43 00 22 04 40 38 00 00 0c 21  .".../C.".@8...!
 +00:00.963 > 02a0  01 01 02 20 01 01 17 00 04 ff ff ff ff 10 04 01  ... ............
 +00:00.979 > 02b0  10 11 01 01 04 d9 04 01 11 10 01 01 05 d8 04 01  ................
 +00:01.011 > 02c0  11 10 01 01 04 d9 04 01 10 11 01 01 05 d8 04 01  ................
 +00:01.043 > 02d0  10 11 01 01 04 d9 04 01 11 10 01 01 05 d8 04 01  ................
 +00:01.059 > 02e0  11 10 01 01 04 d9 04 01 10 11 01 01 05 d8 04 01  ................
 +00:01.091 > 02f0  10 11 01 01 04 d9 04 01 11 10 01 01 05 d8 04 01  ................
 +00:01.107 > 0300  11 10 01 01 04 d9 04 01 10 11 01 01 05 d8 04 01  ................
 +00:01.139 > 0310  10 11 01 01 04 d9 04 01 11 10 01 01 05 d8 04 01  ................
 +00:01.155 > 0320  11 10 01 01 04 d9 04 01 10 11 01 01 05 d8 04 01  ................
 +00:01.188 > 0330  10 11 01 01 04 d9 04 01 11 10 01 01 05 d8 04 01  ................
 +00:01.220 > 0340  11 10 01 01 04 d9 04 01 10 11 01 01 05 d8 04 01  ................
 +00:01.236 > 0350  10 11 01 01 04 d9 04 01 11 10 01 01 05 d8 04 01  ................
 +00:01.268 > 0360  11 10 01 01 04 d9 04 01 10 11 01 01 05 d8 04 01  ................
 +00:01.284 > 0370  10 11 01 01 04 d9 04 01 11 10 01 01 05 d8 04 01  ................
 +00:01.316 > 0380  11 10 01 01 04 d9 04 01 10 11 01 01 05 d8 04 01  ................
 +00:01.332 > 0390  10 11 01 01 04 d9 04 01 11 10 01 01 05 d8 04 01  ................
 +00:01.364 > 03a0  11 10 01 01 04 d9 04 01 10 11 01 01 05 d8 04 01  ................
 +00:01.380 > 03b0  10 11 01 01 04 d9 04 01 11 10 01 01 05 d8 04 01  ................
 +00:01.412 > 03c0  11 10 01 01 04 d9 04 01 10 11 01 01 05 d8 04 01  ................
 +00:01.444 > 03d0  10 11 01 01 04 d9 04 01 11 10 01 01 05 d8 04 01  ................
 +00:01.460 > 03e0  11 10 01 01 04 d9 04 01 10 11 01 01 05 d8 04 01  ................
 +00:01.492 > 03f0  10 11 01 01 04 d9 04 01 11 10 01 01 05 d8 04 01  ................
 +00:01.524 > 0400  11 10 01 01 04 d9 04 01 10 11 01 01 05 d8 04 01  ................
 +00:01.541 > 0410  10 11 01 01 04 d9 04 01 11 10 01 01 05 d8 04 01  ................
 +00:01.573 > 0420  11 10 01 01 04 d9 04 01 10 11 01 01 05 d8 04 01  ................
 +00:01.589 > 0430  10 11 01 01 04 d9 04 01 11 10 01 01 05 d8 04 01  ................
 +00:01.621 > 0440  11 10 01 01 04 d9 04 01 10 11 01 01 05 d8 04 01  ................
 +00:01.637 > 0450  10 11 01 01 04 d9 04 01 11 10 01 01 05 d8 04 01  ................
 +00:01.669 > 0460  11 10 01 01 04 d9 04 01 10 11 01 01 05 d8 04 01  ................
 +00:01.701 > 0470  10 11 01 01 04 d9 04 01 11 10 01 01 05 d8 04 01  ................
 +00:01.717 > 0480  11 10 01 01 04 d9 04 01 10 11 01 01 05 d8 04 01  ................
 +00:01.749 > 0490  10 11 01 01 04 d9 04 01 11 10 01 01 05 d8 04 01  ................
 +00:01.765 > 04a0  11 10 01 01 04 d9 04 01 10 11 01 01 05 d8 04 01  ................
 +00:01.797 > 04b0  10 11 01 01 04 d9 04 01 11 10 01 01 05 d8 04 01  ................
 +00:01.829 > 04c0  11 10 01 01 04 d9 04 01 10 11 01 01 05 d8 04 01  ................
 +00:01.845 > 04d0  10 11 01 01 04 d9 04 01 11 10 01 01 05 d8 04 01  ................
 +00:01.878 > 04e0  11 10 01 01 04 d9 04 01 10 11 01 01 05 d8 04 01  ................
 +00:01.910 > 04f0  10 11 01 01 04 d9 04 01 11 10 01 01 05 d8 04 01  ................
 +00:01.926 > 0500  11 10 01 01 04 d9 04 01 10 11 01 01 05 d8 04 01  ................
 +00:01.958 > 0510  10 11 01 01 04 d9 04 01 11 10 01 01 05 d8 04 01  ................
 +00:01.974 > 0520  11 10 01 01 04 d9 04 01 10 11 01 01 05 d8 04 01  ................
 +00:02.006 > 0530  10 11 01 01 04 d9 04 01 11 10 01 01 05 d8 04 01  ................
 +00:02.038 > 0540  11 10 01 01 04 d9 04 01 10 11 01 01 05 d8 04 01  ................
 +00:02.054 > 0550  10 11 01 01 04 d9 04 01 11 10 01 01 05 d8 04 01  ................
 +00:02.086 > 0560  11 10 01 01 04 d9 04 01 10 11 01 01 05 d8 04 01  ................
 +00:02.102 > 0570  10 11 01 01 04 d9 04 01 11 10 01 01 05 d8 04 01  ................
 +00:02.134 > 0580  11 10 01 01 04 d9 04 01 10 11 01 01 05 d8 04 01  ................
 +00:02.150 > 0590  10 11 01 01 04 d9 04 01 11 10 01 01 05 d8 04 01  ................
 +00:02.183 > 05a0  11 10 01 01 04 d9 04 01 10 11 01 01 05 d8 04 01  ................
 +00:02.199 > 05b0  10 11 01 01 04 d9 04 01 11 10 01 01 05 d8 04 01  ................
 +00:02.231 > 05c0  11 10 01 01 04 d9 04 01 10 11 01 01 05 d8 04 01  ................
 +00:02.263 > 05d0  10 11 01 01 04 d9 04 01 11 10 01 01 05 d8 04 01  ................
 +00:02.295 > 05e0  11 10 01 01 04 d9 04 01 10 11 01 01 05 d8 04 01  ................
 +00:02.311 > 05f0  10 11 01 01 04 d9 04 01 11 10 01 01 05 d8 04 01  ................
 +00:02.343 > 0600  11 10 01 01 04 d9 04 01 10 11 01 01 05 d8 04 01  ................
 +00:02.359 > 0610  10 11 01 01 04 d9 04 01 11 10 01 01 05 d8 04 01  ................
 +00:02.391 > 0620  11 10 01 01 04 d9 04 01 10 11 01 01 05 d8 04 01  ................
 +00:02.423 > 0630  10 11 01 01 04 d9 04 01 11 10 01 01 05 d8 04 01  ................
 +00:02.439 > 0640  11 10 01 01 04 d9 04 01 10 11 01 01 05 d8 04 01  ................
 +00:02.471 > 0650  10 11 01 01 04 d9 04 01 11 10 01 01 05 d8 04 01  ................
 +00:02.488 > 0660  11 10 01 01 04 d9 04 01 10 11 01 01 05 d8 04 01  ................
 +00:02.520 > 0670  10 11 01 01 04 d9 04 01 11 10 01 01 05 d8 04 01  ................
 +00:02.536 > 0680  11 10 01 01 04 d9 04 01 10 11 01 01 05 d8 04 01  ................
 +00:02.568 > 0690  10 11 01 01 04 d9 04 01 11 10 01 01 05 d8 04 01  ................
 +00:02.600 > 06a0  11 10 01 01 04 d9 04 01 10 11 01 01 05 d8 04 01  ................
 +00:02.616 > 06b0  10 11 01 01 04 d9 04 01 11 10 01 01 05 d8 04 01  ................
 +00:02.648 > 06c0  11 10 01 01 04 d9 04 01 10 11 01 01 05 d8 04 01  ................
 +00:02.664 > 06d0  10 11 01 01 04 d9 04 01 11 10 01 01 05 d8 04 01  ................
 +00:02.696 > 06e0  11 10 01 01 04 d9 04 01 10 11 01 01 05 d8 04 01  ................
 +00:02.712 > 06f0  10 11 01 01 04 d9 04 01 11 10 01 01 05 d8 04 01  ................
 +00:02.744 > 0700  11 10 01 01 04 d9 04 01 10 11 01 01 05 d8 04 01  ................
 +00:02.760 > 0710  10 11 01 01 04 d9 04 01 11 10 01 01 05 d8 04 01  ................
 +00:02.792 > 0720  11 10 01 01 04 d9 04 01 10 11 01 01 05 d8 04 01  ................
 +00:02.808 > 0730  10 11 01 01 04 d9 04 01 11 10 01 01 05 d8 04 01  ................
 +00:02.841 > 0740  11 10 01 01 04 d9 04 01 10 11 01 01 05 d8 04 01  ................
 +00:02.873 > 0750  10 11 01 01 04 d9 04 01 11 10 01 01 05 d8 04 01  ................
 +00:02.889 > 0760  11 10 01 01 04 d9 04 01 10 11 01 01 05 d8 04 01  ................
 +00:02.921 > 0770  10 11 01 01 04 d9 04 01 11 10 01 01 05 d8 04 01  ................
 +00:02.937 > 0780  11 10 01 01 04 d9 04 01 10 11 01 01 05 d8 04 01  ................
 +00:02.969 > 0790  10 11 01 01 04 d9 04 01 11 10 01 01 05 d8 04 01  ................
 +00:02.985 > 07a0  11 10 01 01 04 d9 04 01 10 11 01 01 05 d8 04 01  ................
 +00:03.017 > 07b0  10 11 01 01 04 d9 04 01 11 10 01 01 05 d8 04 01  ................
 +00:03.049 > 07c0  11 10 01 01 04 d9 04 01 10 11 01 01 05 d8 04 01  ................
 +00:03.065 > 07d0  10 11 01 01 04 d9 04 01 11 10 01 01 05 d8 04 01  ................
 +00:03.097 > 07e0  11 10 01 01 04 d9 04 01 10 11 01 01 05 d8 04 01  ................
 +00:03.113 > 07f0  10 11 01 01 04 d9 04 01 11 10 01 01 05 d8 04 01  ................
 +00:03.146 > 0800  11 10 01 01 04 d9 04 01 10 11 01 01 05 d8 04 01  ................
 +00:03.162 > 0810  10 11 01 01 04 d9 04 01 11 10 01 01 05 d8 04 01  ................
 +00:03.194 > 0820  11 10 01 01 04 d9 04 01 10 11 01 01 05 d8 04 01  ................
 +00:03.210 > 0830  10 11 01 01 04 d9 04 01 11 10 01 01 05 d8 04 01  ................
 +00:03.242 > 0840  11 10 01 01 04 d9 04 01 10 11 01 01 05 d8 04 01  ................
 +00:03.274 > 0850  10 11 01 01 04 d9 04 01 11 10 01 01 05 d8 04 01  ................
 +00:03.290 > 0860  11 10 01 01 04 d9 04 01 10 11 01 01 05 d8 04 01  ................
 +00:03.322 > 0870  10 11 01 01 04 d9 04 01 11 10 01 01 05 d8 04 01  ................
 +00:03.338 > 0880  11 10 01 01 04 d9 04 01 10 11 01 01 05 d8 04 01  ................
 +00:03.370 > 0890  10 11 01 01 04 d9 04 01 11 10 01 01 05 d8 04 01  ................
 +00:03.402 > 08a0  11 10 01 01 04 d9 04 01 10 11 01 01 05 d8 04 01  ................
 +00:03.418 > 08b0  10 11 01 01 04 d9 04 01 11 10 01 01 05 d8 04 01  ................
 +00:03.450 > 08c0  11 10 01 01 04 d9 04 01 10 11 01 01 05 d8 04 01  ................
 +00:03.483 > 08d0  10 11 01 01 04 d9 04 01 11 10 01 01 05 d8 04 01  ................
 +00:03.499 > 08e0  11 10 01 01 04 d9 04 01 10 11 01 01 05 d8 04 01  ................
 +00:03.531 > 08f0  10 11 01 01 04 d9 04 01 11 10 01 01 05 d8 04 01  ................
 +00:03.547 > 0900  11 10 01 01 04 d9 04 01 10 11 01 01 05 d8 04 01  ................
 +00:03.579 > 0910  10 11 01 01 04 d9 04 01 11 10 01 01 05 d8 04 01  ................
 +00:03.595 > 0920  11 10 01 01 04 d9 04 01 10 11 01 01 05 d8 04 01  ................
 +00:03.627 > 0930  10 11 01 01 04 d9 04 01 11 10 01 01 05 d8 04 01  ................
 +00:03.659 > 0940  11 10 01 01 04 d9 04 01 10 11 01 01 05 d8 04 01  ................
 +00:03.675 > 0950  10 11 01 01 04 d9 04 01 11 10 01 01 05 d8 04 01  ................
 +00:03.707 > 0960  11 10 01 01 04 d9 04 01 10 11 01 01 05 d8 04 01  ................
 +00:03.739 > 0970  10 11 01 01 04 d9 04 01 11 10 01 01 05 d8 04 01  ................
 +00:03.755 > 0980  11 10 01 01 04 d9 04 01 10 11 01 01 05 d8 04 01  ................
 +00:03.771 > 0990  10 11 01 04 40 00 50 00 4a 04 01 11 10 01 03 41  ....@.P.J......A
            > 09a0  00 50 4a 04 01 10 11 01 03 20 14 00 a7 04 01 11  .PJ...... ......
 +00:03.788 > 09b0  10 01 08 21 14 00 04 91 00 00 00 0c 04 01 10 11  ...!............
 +00:03.820 > 09c0  01 01 04 d9 04 01 11 10 01 01 05 d8 04 01 11 10  ................
 +00:03.836 > 09d0  01 01 04 d9 04 01 10 11 01 01 05 d8 04 01 10 11  ................
 +00:03.868 > 09e0  01 01 04 d9 04 01 11 10 01 01 05 d8 04 01 11 10  ................
 +00:03.900 > 09f0  01 01 04 d9 04 01 10 11 01 01 05 d8 04 01 10 11  ................
 +00:03.916 > 0a00  01 01 04 d9 04 01 11 10 01 01 05 d8 04 01 11 10  ................
 +00:03.948 > 0a10  01 01 04 d9 04 01 10 11 01 01 05 d8 04 01 10 11  ................
 +00:03.964 > 0a20  01 01 04 d9 04 01 11 10 01 01 05 d8 04 01 11 10  ................
 +00:03.980 > 0a30  01 01 04 d9 04 01 10 11 01 01 05 d8 04 01 10 11  ................
 +00:03.996 > 0a40  01 1d 20 02 20 0c 21 0a 22 0f 22 00 30 02 30 00  .. . .!.".".0.0.
            > 0a50  22 17 00 0e 50 0f 50 0a 50 0b 50 08 22 06 22 96  "...P.P.P.P.".".
            > 0a60  04 01 11 10 01 54 21 0f 50 04 00 00 2f 43 0e 50  .....T!.P.../C.P
 +00:04.027 > 0a70  04 00 00 2f 43 0b 50 04 00 00 00 42 0a 50 04 00  .../C.P....B.P..
            > 0a80  00 00 42 02 30 01 01 00 30 01 00 0f 22 01 00 0a  ..B.0...0..."...
            > 0a90  22 04 00 00 20 42 08 22 04 00 00 2f 43 06 22 04  "... B.".../C.".
            > 0aa0  00 00 2f 43 00 22 04 40 38 00 00 0c 21 01 01 02  ../C.".@8...!...
 +00:04.043 > 0ab0  20 01 01 17 00 04 ff ff ff ff 10 04 01 10 11 01   ...............
 +00:04.059 > 0ac0  01 04 d9 04 01 11 10 01 01 05 d8 04 01 11 10 01  ................
 +00:04.091 > 0ad0  01 04 d9 04 01 10 11 01 01 05 d8 04 01 10 11 01  ................
 +00:04.107 > 0ae0  01 04 d9 04 01 11 10 01 01 05 d8 04 01 11 10 01  ................
 +00:04.140 > 0af0  01 04 d9 04 01 10 11 01 01 05 d8 04 01 10 11 01  ................
 +00:04.172 > 0b00  01 04 d9 04 01 11 10 01 01 05 d8 04 01 11 10 01  ................
 +00:04.188 > 0b10  01 04 d9 04 01 10 11 01 01 05 d8 04 01 10 11 01  ................
 +00:04.220 > 0b20  01 04 d9 04 01 11 10 01 01 05 d8 04 01 11 10 01  ................
 +00:04.236 > 0b30  01 04 d9 04 01 10 11 01 01 05 d8 04 01 10 11 01  ................
 +00:04.268 > 0b40  01 04 d9 04 01 11 10 01 01 05 d8 04 01 11 10 01  ................
 +00:04.284 > 0b50  01 04 d9 04 01 10 11 01 01 05 d8 04 01 10 11 01  ................
 +00:04.316 > 0b60  01 04 d9 04 01 11 10 01 01 05 d8 04 01 11 10 01  ................
 +00:04.348 > 0b70  01 04 d9 04 01 10 11 01 01 05 d8 04 01 10 11 01  ................
 +00:04.364 > 0b80  01 04 d9 04 01 11 10 01 01 05 d8 04 01 11 10 01  ................
 +00:04.396 > 0b90  01 04 d9 04 01 10 11 01 01 05 d8 04 01 10 11 01  ................
 +00:04.412 > 0ba0  01 04 d9 04 01 11 10 01 01 05 d8 04 01 11 10 01  ................
 +00:04.445 > 0bb0  01 04 d9 04 01 10 11 01 01 05 d8 04 01 10 11 01  ................
 +00:04.461 > 0bc0  01 04 d9 04 01 11 10 01 01 05 d8 04 01 11 10 01  ................
 +00:04.493 > 0bd0  01 04 d9 04 01 10 11 01 01 05 d8 04 01 10 11 01  ................
 +00:04.509 > 0be0  01 04 d9 04 01 11 10 01 01 05 d8 04 01 11 10 01  ................
 +00:04.541 > 0bf0  01 04 d9 04 01 10 11 01 01 05 d8 04 01 10 11 01  ................
 +00:04.573 > 0c00  01 04 d9 04 01 11 10 01 01 05 d8 04 01 11 10 01  ................
 +00:04.589 > 0c10  01 04 d9 04 01 10 11 01 01 05 d8 04 01 10 11 01  ................
 +00:04.621 > 0c20  01 04 d9 04 01 11 10 01 01 05 d8 04 01 11 10 01  ................
 +00:04.637 > 0c30  01 04 d9 04 01 10 11 01 01 05 d8 04 01 10 11 01  ................
 +00:04.669 > 0c40  01 04 d9 04 01 11 10 01 01 05 d8 04 01 11 10 01  ................
 +00:04.685 > 0c50  01 04 d9 04 01 10 11 01 01 05 d8 04 01 10 11 01  ................
 +00:04.717 > 0c60  01 04 d9 04 01 11 10 01 01 05 d8 04 01 11 10 01  ................
 +00:04.750 > 0c70  01 04 d9 04 01 10 11 01 01 05 d8 04 01 10 11 01  ................
 +00:04.766 > 0c80  01 04 d9 04 01 11 10 01 01 05 d8 04 01 11 10 01  ................
 +00:04.798 > 0c90  01 04 d9 04 01 10 11 01 01 05 d8 04 01 10 11 01  ................
 +00:04.830 > 0ca0  01 04 d9 04 01 11 10 01 01 05 d8 04 01 11 10 01  ................
 +00:04.846 > 0cb0  01 04 d9 04 01 10 11 01 01 05 d8 04 01 10 11 01  ................
 +00:04.878 > 0cc0  01 04 d9 04 01 11 10 01 01 05 d8 04 01 11 10 01  ................
 +00:04.894 > 0cd0  01 04 d9 04 01 10 11 01 01 05 d8 04 01 10 11 01  ................
 +00:04.926 > 0ce0  01 04 d9 04 01 11 10 01 01 05 d8 04 01 11 10 01  ................
 +00:04.958 > 0cf0  01 04 d9 04 01 10 11 01 01 05 d8 04 01 10 11 01  ................
 +00:04.974 > 0d00  01 04 d9 04 01 11 10 01 01 05 d8 04 01 11 10 01  ................
 +00:05.006 > 0d10  01 04 d9 04 01 10 11 01 01 05 d8 04 01 10 11 01  ................
 +00:05.022 > 0d20  01 04 d9 04 01 11 10 01 01 05 d8 04 01 11 10 01  ................
 +00:05.054 > 0d30  01 04 d9 04 01 10 11 01 01 05 d8 04 01 10 11 01  ................
 +00:05.070 > 0d40  01 04 d9 04 01 11 10 01 01 05 d8 04 01 11 10 01  ................
 +00:05.103 > 0d50  01 04 d9 04 01 10 11 01 01 05 d8 04 01 10 11 01  ................
 +00:05.135 > 0d60  01 04 d9 04 01 11 10 01 01 05 d8 04 01 11 10 01  ................
 +00:05.151 > 0d70  01 04 d9 04 01 10 11 01 01 05 d8 04 01 10 11 01  ................
 +00:05.183 > 0d80  01 04 d9 04 01 11 10 01 01 05 d8 04 01 11 10 01  ................
 +00:05.199 > 0d90  01 04 d9 04 01 10 11 01 01 05 d8 04 01 10 11 01  ................
 +00:05.231 > 0da0  01 04 d9 04 01 11 10 01 01 05 d8 04 01 11 10 01  ................
 +00:05.247 > 0db0  01 04 d9 04 01 10 11 01 01 05 d8 04 01 10 11 01  ................
 +00:05.279 > 0dc0  01 04 d9 04 01 11 10 01 01 05 d8 04 01 11 10 01  ................
 +00:05.311 > 0dd0  01 04 d9 04 01 10 11 01 01 05 d8 04 01 10 11 01  ................
 +00:05.327 > 0de0  01 04 d9 04 01 11 10 01 01 05 d8 04 01 11 10 01  ................
 +00:05.359 > 0df0  01 04 d9 04 01 10 11 01 01 05 d8 04 01 10 11 01  ................
 +00:05.375 > 0e00  01 04 d9 04 01 11 10 01 01 05 d8 04 01 11 10 01  ................
 +00:05.408 > 0e10  01 04 d9 04 01 10 11 01 01 05 d8 04 01 10 11 01  ................
 +00:05.424 > 0e20  01 04 d9 04 01 11 10 01 01 05 d8 04 01 11 10 01  ................
 +00:05.456 > 0e30  01 04 d9 04 01 10 11 01 01 05 d8 04 01 10 11 01  ................
 +00:05.488 > 0e40  01 04 d9 04 01 11 10 01 01 05 d8 04 01 11 10 01  ................
 +00:05.504 > 0e50  01 04 d9 04 01 10 11 01 01 05 d8 04 01 10 11 01  ................
 +00:05.536 > 0e60  01 04 d9 04 01 11 10 01 01 05 d8 04 01 11 10 01  ................
 +00:05.568 > 0e70  01 04 d9 04 01 10 11 01 01 05 d8 04 01 10 11 01  ................
 +00:05.584 > 0e80  01 04 d9 04 01 11 10 01 01 05 d8 04 01 11 10 01  ................
 +00:05.616 > 0e90  01 04 d9 04 01 10 11 01 01 05 d8 04 01 10 11 01  ................
 +00:05.632 > 0ea0  01 04 d9 04 01 11 10 01 01 05 d8 04 01 11 10 01  ................
 +00:05.664 > 0eb0  01 04 d9 04 01 10 11 01 01 05 d8 04 01 10 11 01  ................
 +00:05.696 > 0ec0  01 04 d9 04 01 11 10 01 01 05 d8 04 01 11 10 01  ................
 +00:05.712 > 0ed0  01 04 d9 04 01 10 11 01 01 05 d8 04 01 10 11 01  ................
 +00:05.745 > 0ee0  01 04 d9 04 01 11 10 01 01 05 d8 04 01 11 10 01  ................
 +00:05.777 > 0ef0  01 04 d9 04 01 10 11 01 01 05 d8 04 01 10 11 01  ................
 +00:05.793 > 0f00  01 04 d9 04 01 11 10 01 01 05 d8 04 01 11 10 01  ................
 +00:05.825 > 0f10  01 04 d9 04 01 10 11 01 01 05 d8 04 01 10 11 01  ................
 +00:05.857 > 0f20  01 04 d9 04 01 11 10 01 01 05 d8 04 01 11 10 01  ................
 +00:05.873 > 0f30  01 04 d9 04 01 10 11 01 01 05 d8 04 01 10 11 01  ................
 +00:05.905 > 0f40  01 04 d9 04 01 11 10 01 01 05 d8 04 01 11 10 01  ................
 +00:05.937 > 0f50  01 04 d9 04 01 10 11 01 01 05 d8 04 01 10 11 01  ................
 +00:05.953 > 0f60  01 04 d9 04 01 11 10 01 01 05 d8 04 01 11 10 01  ................
 +00:05.985 > 0f70  01 04 d9 04 01 10 11 01 01 05 d8 04 01 10 11 01  ................
 +00:06.001 > 0f80  01 04 d9 04 01 11 10 01 01 05 d8 04 01 11 10 01  ................
 +00:06.033 > 0f90  01 04 d9 04 01 10 11 01 01 05 d8 04 01 10 11 01  ................
 +00:06.049 > 0fa0  01 04 d9 04 01 11 10 01 01 05 d8 04 01 11 10 01  ................
 +00:06.082 > 0fb0  01 04 d9 04 01 10 11 01 01 05 d8 04 01 10 11 01  ................
 +00:06.114 > 0fc0  01 04 d9 04 01 11 10 01 01 05 d8 04 01 11 10 01  ................
 +00:06.130 > 0fd0  01 04 d9 04 01 10 11 01 01 05 d8 04 01 10 11 01  ................
 +00:06.162 > 0fe0  01 04 d9 04 01 11 10 01 01 05 d8 04 01 11 10 01  ................
 +00:06.178 > 0ff0  01 04 d9 04 01 10 11 01 01 05 d8 04 01 10 11 01  ................
 +00:06.210 > 1000  01 04 d9 04 01 11 10 01 01 05 d8 04 01 11 10 01  ................
 +00:06.226 > 1010  01 04 d9 04 01 10 11 01 01 05 d8 04 01 10 11 01  ................
 +00:06.258 > 1020  01 04 d9 04 01 11 10 01 01 05 d8 04 01 11 10 01  ................
 +00:06.290 > 1030  01 04 d9 04 01 10 11 01 01 05 d8 04 01 10 11 01  ................
 +00:06.322 > 1040  01 04 d9 04 01 11 10 01 01 05 d8 04 01 11 10 01  ................
 +00:06.338 > 1050  01 04 d9 04 01 10 11 01 01 05 d8 04 01 10 11 01  ................
 +00:06.370 > 1060  01 04 d9 04 01 11 10 01 01 05 d8 04 01 11 10 01  ................
 +00:06.387 > 1070  01 04 d9 04 01 10 11 01 01 05 d8 04 01 10 11 01  ................
 +00:06.419 > 1080  01 04 d9 04 01 11 10 01 01 05 d8 04 01 11 10 01  ................
 +00:06.435 > 1090  01 04 d9 04 01 10 11 01 01 05 d8 04 01 10 11 01  ................
 +00:06.467 > 10a0  01 04 d9 04 01 11 10 01 01 05 d8 04 01 11 10 01  ................
 +00:06.499 > 10b0  01 04 d9 04 01 10 11 01 01 05 d8 04 01 10 11 01  ................
 +00:06.515 > 10c0  01 04 d9 04 01 11 10 01 01 05 d8 04 01 11 10 01  ................
 +00:06.547 > 10d0  01 04 d9 04 01 10 11 01 01 05 d8 04 01 10 11 01  ................
 +00:06.563 > 10e0  01 04 d9 04 01 11 10 01 01 05 d8 04 01 11 10 01  ................
 +00:06.595 > 10f0  01 04 d9 04 01 10 11 01 01 05 d8 04 01 10 11 01  ................
 +00:06.611 > 1100  01 04 d9 04 01 11 10 01 01 05 d8 04 01 11 10 01  ................
 +00:06.643 > 1110  01 04 d9 04 01 10 11 01 01 05 d8 04 01 10 11 01  ................
 +00:06.675 > 1120  01 04 d9 04 01 11 10 01 01 05 d8 04 01 11 10 01  ................
 +00:06.691 > 1130  01 04 d9 04 01 10 11 01 01 05 d8 04 01 10 11 01  ................
 +00:06.724 > 1140  01 04 d9 04 01 11 10 01 01 05 d8 04 01 11 10 01  ................
 +00:06.740 > 1150  01 04 d9 04 01 10 11 01 01 05 d8 04 01 10 11 01  ................
 +00:06.772 > 1160  01 04 d9 04 01 11 10 01 01 05 d8 04 01 11 10 01  ................
 +00:06.788 > 1170  01 04 d9 04 01 10 11 01 01 05 d8 04 01 10 11 01  ................
 +00:06.820 > 1180  01 04 d9 04 01 11 10 01 01 05 d8 04 01 11 10 01  ................
 +00:06.836 > 1190  01 04 d9 04 01 10 11 01 01 05 d8 04 01 10 11 01  ................
 +00:06.868 > 11a0  01 04 d9 04 01 11 10 01 01 05 d8 04 01 11 10 01  ................
 +00:06.884 > 11b0  01 04 d9 04 01 10 11 01 01 05 d8 04 01 10 11 01  ................
 +00:06.916 > 11c0  01 04 d9 04 01 11 10 01 01 05 d8 04 01 11 10 01  ................
 +00:06.948 > 11d0  01 04 d9 04 01 10 11 01 01 05 d8 04 01 10 11 01  ................
 +00:06.964 > 11e0  01 04 d9 04 01 11 10 01 01 05 d8 04 01 11 10 01  ................
 +00:06.997 > 11f0  01 04 d9 04 01 10 11 01 01 05 d8 04 01 10 11 01  ................
 +00:07.012 > 1200  01 04 d9 04 01 11 10 01 01 05 d8 04 01 11 10 01  ................
 +00:07.029 > 1210  01 04 d9 04 01 10 11 01 01 05 d8 04 01 10 11 01  ................
 +00:07.045 > 1220  1d 20 02 20 0c 21 0a 22 0f 22 00 30 02 30 00 22  . . .!.".".0.0."
            > 1230  17 00 0e 50 0f 50 0a 50 0b 50 08 22 06 22 96 04  ...P.P.P.P."."..
            > 1240  01 11 10 01 54 21 0f 50 04 00 00 2f 43 0e 50 04  ....T!.P.../C.P.
 +00:07.076 > 1250  00 00 2f 43 0b 50 04 00 00 00 42 0a 50 04 00 00  ../C.P....B.P...
            > 1260  00 42 02 30 01 01 00 30 01 00 0f 22 01 00 0a 22  .B.0...0..."..."
            > 1270  04 00 00 20 42 08 22 04 00 00 2f 43 06 22 04 00  ... B.".../C."..
            > 1280  00 2f 43 00 22 04 40 38 00 00 0c 21 01 01 02 20  ./C.".@8...!... 
            > 1290  01 01 17 00 04 ff ff ff ff 10 04 01 10 11 01 01  ................
 +00:07.108 > 12a0  04 d9 04 01 11 10 01 01 05 d8 04 01 11 10 01 01  ................
 +00:07.140 > 12b0  04 d9 04 01 10 11 01 01 05 d8 04 01 10 11 01 01  ................
 +00:07.156 > 12c0  04 d9 04 01 11 10 01 01 05 d8 04 01 11 10 01 01  ................
 +00:07.188 > 12d0  04 d9 04 01 10 11 01 01 05 d8 04 01 10 11 01 01  ................
 +00:07.204 > 12e0  04 d9 04 01 11 10 01 01 05 d8 04 01 11 10 01 01  ................
 +00:07.236 > 12f0  04 d9 04 01 10 11 01 01 05 d8 04 01 10 11 01 01  ................
 +00:07.268 > 1300  04 d9 04 01 11 10 01 01 05 d8 04 01 11 10 01 01  ................
 +00:07.284 > 1310  04 d9 04 01 10 11 01 01 05 d8 04 01 10 11 01 01  ................
 +00:07.316 > 1320  04 d9 04 01 11 10 01 01 05 d8 04 01 11 10 01 01  ................
 +00:07.348 > 1330  04 d9 04 01 10 11 01 01 05 d8 04 01 10 11 01 01  ................
 +00:07.365 > 1340  04 d9 04 01 11 10 01 01 05 d8 04 01 11 10 01 01  ................
 +00:07.397 > 1350  04 d9 04 01 10 11 01 01 05 d8 04 01 10 11 01 01  ................
 +00:07.413 > 1360  04 d9 04 01 11 10 01 01 05 d8 04 01 11 10 01 01  ................
 +00:07.445 > 1370  04 d9 04 01 10 11 01 01 05 d8 04 01 10 11 01 01  ................
 +00:07.461 > 1380  04 d9 04 01 11 10 01 01 05 d8 04 01 11 10 01 01  ................
 +00:07.493 > 1390  04 d9 04 01 10 11 01 01 05 d8 04 01 10 11 01 01  ................
 +00:07.525 > 13a0  04 d9 04 01 11 10 01 01 05 d8 04 01 11 10 01 01  ................
 +00:07.541 > 13b0  04 d9 04 01 10 11 01 01 05 d8 04 01 10 11 01 01  ................
 +00:07.573 > 13c0  04 d9 04 01 11 10 01 01 05 d8 04 01 11 10 01 01  ................
 +00:07.605 > 13d0  04 d9 04 01 10 11 01 01 05 d8 04 01 10 11 01 01  ................
 +00:07.621 > 13e0  04 d9 04 01 11 10 01 01 05 d8 04 01 11 10 01 01  ................
 +00:07.653 > 13f0  04 d9 04 01 10 11 01 01 05 d8 04 01 10 11 01 01  ................
 +00:07.669 > 1400  04 d9 04 01 11 10 01 01 05 d8 04 01 11 10 01 01  ................
 +00:07.702 > 1410  04 d9 04 01 10 11 01 01 05 d8 04 01 10 11 01 01  ................
 +00:07.734 > 1420  04 d9 04 01 11 10 01 01 05 d8 04 01 11 10 01 01  ................
 +00:07.926 > 1430  04 d9 04 01 10 11 01 11 10 01 01 04 d9 04 01 11  ................
 +00:07.958 > 1440  10 01 01 04 d9 04 01 10 11 01 01 05 d8 04 01 10  ................
 +00:07.974 > 1450  11 01 01 04 d9 04 01 11 10 01 01 05 d8 04 01 11  ................
 +00:08.007 > 1460  10 01 01 04 d9 04 01 10 11 01 01 05 d8 04 01 10  ................
 +00:08.023 > 1470  11 01 01 04 d9 04 01 11 10 01 01 05 d8 04 01 11  ................
 +00:08.055 > 1480  10 01 01 04 d9 04 01 10 11 01 01 05 d8 04 01 10  ................
 +00:08.071 > 1490  11 01 01 04 d9 04 01 11 10 01 01 05 d8 04 01 11  ................
 +00:08.103 > 14a0  10 01 01 04 d9 04 01 10 11 01 01 05 d8 04 01 10  ................
 +00:08.135 > 14b0  11 01 01 04 d9 04 01 11 10 01 01 05 d8 04 01 11  ................
 +00:08.151 > 14c0  10 01 01 04 d9 04 01 10 11 01 01 05 d8 04 01 10  ................
 +00:08.183 > 14d0  11 01 01 04 d9 04 01 11 10 01 01 05 d8 04 01 11  ................
 +00:08.215 > 14e0  10 01 01 04 d9 04 01 10 11 01 01 05 d8 04 01 10  ................
 +00:08.231 > 14f0  11 01 01 04 d9 04 01 11 10 01 01 05 d8 04 01 11  ................
 +00:08.263 > 1500  10 01 01 04 d9 04 01 10 11 01 01 05 d8 04 01 10  ................
 +00:08.279 > 1510  11 01 01 04 d9 04 01 11 10 01 01 05 d8 04 01 11  ................
 +00:08.311 > 1520  10 01 01 04 d9 04 01 10 11 01 01 05 d8 04 01 10  ................
 +00:08.344 > 1530  11 01 01 04 d9 04 01 11 10 01 01 05 d8 04 01 11  ................
 +00:08.360 > 1540  10 01 01 04 d9 04 01 10 11 01 01 05 d8 04 01 10  ................
 +00:08.424 > 1550  11 01 01 04 d9 04 01 11 10 01 01 05 d8 04 01 11  ................
 +00:08.440 > 1560  10 01 01 04 d9 04 01 10 11 01 01 05 d8 04 01 10  ................
 +00:08.472 > 1570  11 01 01 04 d9 04 01 11 10 01 01 05 d8 04 01 11  ................
 +00:08.504 > 1580  10 01 01 04 d9 04 01 10 11 01 01 05 d8 04 01 10  ................
 +00:08.520 > 1590  11 01 01 04 d9 04 01 11 10 01 01 05 d8 04 01 11  ................
 +00:08.552 > 15a0  10 01 01 04 d9 04 01 10 11 01 01 05 d8 04 01 10  ................
 +00:08.568 > 15b0  11 01 01 04 d9 04 01 11 10 01 01 05 d8 04 01 11  ................
 +00:08.777 > 15c0  10 01 01 04 d9 04 01 11 10 01 01 04 d9 04 01 11  ................
 +00:08.986 > 15d0  10 01 01 04 d9 04 01 11 10 01 01 04 d9 04 01 11  ................
 +00:09.178 > 15e0  10 01 01 04 d9 04 01 11 10 01 01 04 d9 04 01 11  ................
 +00:09.403 > 15f0  10 01 01 04 d9 04 01 11 10 01 01 04 d9 04 01 11  ................
 +00:09.595 > 1600  10 01 01 04 d9 04 01 11 10 01 01 04 d9 04 01 11  ................
 +00:09.804 > 1610  10 01 01 04 d9 04 01 11 10 01 01 04 d9 04 01 11  ................
 +00:10.013 > 1620  10 01 01 04 d9 04 01 11 10 01 01 04 d9 04 01 11  ................
 +00:10.221 > 1630  10 01 01 04 d9 04 01 11 10 01 01 04 d9 04 01 11  ................
 +00:10.414 > 1640  10 01 01 04 d9 04 01 11 10 01 01 04 d9 04 01 11  ................
 +00:10.623 > 1650  10 01 01 04 d9 04 01 11 10 01 01 04 d9 04 01 11  ................
 +00:10.831 > 1660  10 01 01 04 d9 04 01 11 10 01 01 04 d9 04 01 11  ................
 +00:11.040 > 1670  10 01 01 04 d9 04 01 11 10 01 01 04 d9 04 01 11  ................
 +00:11.249 > 1680  10 01 01 04 d9 04 01 11 10 01 01 04 d9 04 01 11  ................
 +00:11.457 > 1690  10 01 01 04 d9 04 01 11 10 01 01 04 d9 04 01 11  ................
 +00:11.650 > 16a0  10 01 01 04 d9 04 01 11 10 01 01 04 d9 04 01 11  ................
 +00:11.858 > 16b0  10 01 01 04 d9 04 01 11 10 01 01 04 d9 04 01 11  ................
 +00:12.067 > 16c0  10 01 01 04 d9 04 01 11 10 01 01 04 d9 04 01 11  ................
 +00:12.276 > 16d0  10 01 01 04 d9 04 01 11 10 01 01 04 d9 04 01 11  ................
 +00:12.468 > 16e0  10 01 01 04 d9 04 01 11 10 01 01 04 d9 04 01 11  ................
 +00:12.693 > 16f0  10 01 01 04 d9 04 01 11 10 01 01 04 d9 04 01 11  ................
 +00:12.886 > 1700  10 01 01 04 d9 04 01 11 10 01 01 04 d9 04 01 11  ................
 +00:13.094 > 1710  10 01 01 04 d9 04 01 11 10 01 01 04 d9 04 01 11  ................
 +00:13.303 > 1720  10 01 01 04 d9 04 01 11 10 01 01 04 d9 04 01 11  ................
 +00:13.512 > 1730  10 01 01 04 d9 04 01 11 10 01 01 04 d9 04 01 11  ................
 +00:13.704 > 1740  10 01 01 04 d9 04 01 11 10 01 01 04 d9 04 01 11  ................
 +00:13.913 > 1750  10 01 01 04 d9 04 01 11 10 01 01 04 d9 04 01 11  ................
 +00:14.121 > 1760  10 01 01 04 d9 04 01 11 10 01 01 04 d9 04 01 11  ................
 +00:14.330 > 1770  10 01 01 04 d9 04 01 11 10 01 01 04 d9 04 01 11  ................
 +00:14.523 > 1780  10 01 01 04 d9 04 01 11 10 01 01 04 d9 04 01 11  ................
 +00:14.747 > 1790  10 01 01 04 d9 04 01 11 10 01 01 04 d9 04 01 11  ................
 +00:14.940 > 17a0  10 01 01 04 d9 04 01 11 10 01 01 04 d9 04 01 11  ................
 +00:15.149 > 17b0  10 01 01 04 d9 04 01 11 10 01 01 04 d9 04 01 11  ................
 +00:15.357 > 17c0  10 01 01 04 d9 04 01 11 10 01 01 04 d9 04 01 11  ................
 +00:15.566 > 17d0  10 01 01 04 d9 04 01 11 10 01 01 04 d9 04 01 11  ................
 +00:15.758 > 17e0  10 01 01 04 d9 04 01 11 10 01 01 04 d9 04 01 11  ................
 +00:15.983 > 17f0  10 01 01 04 d9 04 01 11 10 01 01 04 d9 04 01 11  ................
 +00:16.176 > 1800  10 01 01 04 d9 04 01 11 10 01 01 04 d9 04 01 11  ................
 +00:16.384 > 1810  10 01 01 04 d9 04 01 11 10 01 01 04 d9 04 01 11  ................
 +00:16.593 > 1820  10 01 01 04 d9 04 01 11 10 01 01 04 d9 04 01 11  ................
 +00:16.802 > 1830  10 01 01 04 d9 04 01 11 10 01 01 04 d9 04 01 11  ................
 +00:16.994 > 1840  10 01 01 04 d9 04 01 11 10 01 01 04 d9 04 01 11  ................
 +00:17.203 > 1850  10 01 01 04 d9 04 01 11 10 01 01 04 d9 04 01 11  ................
 +00:17.412 > 1860  10 01 01 04 d9 04 01 11 10 01 01 04 d9 04 01 11  ................
 +00:17.620 > 1870  10 01 01 04 d9 04 01 11 10 01 01 04 d9 04 01 11  ................
 +00:17.813 > 1880  10 01 01 04 d9 04 01 11 10 01 01 04 d9 04 01 11  ................
 +00:18.021 > 1890  10 01 01 04 d9 04 01 11 10 01 01 04 d9 04 01 11  ................
 +00:18.230 > 18a0  10 01 01 04 d9 04 01 11 10 01 01 04 d9 04 01 11  ................
 +00:18.439 > 18b0  10 01 01 04 d9 04 01 11 10 01 01 04 d9 04 01 11  ................
 +00:18.631 > 18c0  10 01 01 04 d9 04 01 11 10 01 01 04 d9 04 01 11  ................
 +00:18.856 > 18d0  10 01 01 04 d9 04 01 11 10 01 01 04 d9 04 01 11  ................
 +00:19.065 > 18e0  10 01 01 04 d9 04 01 11 10 01 01 04 d9 04 01 11  ................
 +00:19.273 > 18f0  10 01 01 04 d9 04 01 11 10 01 01 04 d9 04 01 11  ................
 +00:19.466 > 1900  10 01 01 04 d9 04 01 11 10 01 01 04 d9 04 01 11  ................
 +00:19.675 > 1910  10 01 01 04 d9 04 01 11 10 01 01 04 d9 04 01 11  ................
 +00:19.883 > 1920  10 01 01 04 d9 04 01 11 10 01 01 04 d9 04 01 11  ................
 +00:20.092 > 1930  10 01 01 04 d9 04 01 11 10 01 01 04 d9 04 01 11  ................
 +00:20.285 > 1940  10 01 01 04 d9 04 01 11 10 01 01 04 d9 04 01 11  ................
 +00:20.493 > 1950  10 01 01 04 d9 04 01 11 10 01 01 04 d9 04 01 11  ................
 +00:20.702 > 1960  10 01 01 04 d9 04 01 11 10 01 01 04 d9 04 01 11  ................
 +00:20.910 > 1970  10 01 01 04 d9 04 01 11 10 01 01 04 d9 04 01 11  ................
 +00:21.103 > 1980  10 01 01 04 d9 04 01 11 10 01 01 04 d9 04 01 11  ................
 +00:21.312 > 1990  10 01 01 04 d9 04 01 11 10 01 01 04 d9 04 01 11  ................
 +00:21.520 > 19a0  10 01 01 04 d9 04 01 11 10 01 01 04 d9 04 01 11  ................
 +00:21.729 > 19b0  10 01 01 04 d9 04 01 11 10 01 01 04 d9 04 01 11  ................
 +00:21.922 > 19c0  10 01 01 04 d9 04 01 11 10 01 01 04 d9 04 01 11  ................
 +00:22.146 > 19d0  10 01 01 04 d9 04 01 11 10 01 01 04 d9 04 01 11  ................
 +00:22.355 > 19e0  10 01 01 04 d9 04 01 11 10 01 01 04 d9 04 01 11  ................
 +00:22.564 > 19f0  10 01 01 04 d9 04 01 11 10 01 01 04 d9 04 01 11  ................
 +00:22.756 > 1a00  10 01 01 04 d9 04 01 11 10 01 01 04 d9 04 01 11  ................
 +00:22.965 > 1a10  10 01 01 04 d9 04 01 11 10 01 01 04 d9 04 01 11  ................
 +00:23.173 > 1a20  10 01 01 04 d9 04 01 11 10 01 01 04 d9 04 01 11  ................
 +00:23.382 > 1a30  10 01 01 04 d9 04 01 11 10 01 01 04 d9 04 01 11  ................
 +00:23.575 > 1a40  10 01 01 04 d9 04 01 11 10 01 01 04 d9 04 01 11  ................
 +00:23.783 > 1a50  10 01 01 04 d9 04 01 11 10 01 01 04 d9 04 01 11  ................
 +00:23.992 > 1a60  10 01 01 04 d9 04 01 11 10 01 01 04 d9 04 01 11  ................
 +00:24.201 > 1a70  10 01 01 04 d9 04 01 11 10 01 01 04 d9 04 01 11  ................
 +00:24.393 > 1a80  10 01 01 04 d9 04 01 11 10 01 01 04 d9 04 01 11  ................
 +00:24.602 > 1a90  10 01 01 04 d9 04 01 11 10 01 01 04 d9 04 01 11  ................
 +00:24.810 > 1aa0  10 01 01 04 d9 04 01 11 10 01 01 04 d9 04 01 11  ................
 +00:25.019 > 1ab0  10 01 01 04 d9 04 01 11 10 01 01 04 d9 04 01 11  ................
 +00:25.212 > 1ac0  10 01 01 04 d9 04 01 11 10 01 01 04 d9 04 01 11  ................
 +00:25.436 > 1ad0  10 01 01 04 d9 04 01 11 10 01 01 04 d9 04 01 11  ................
 +00:25.629 > 1ae0  10 01 01 04 d9 04 01 11 10 01 01 04 d9 04 01 11  ................
 +00:25.838 > 1af0  10 01 01 04 d9 04 01 11 10 01 01 04 d9 04 01 11  ................
 +00:26.046 > 1b00  10 01 01 04 d9 04 01 11 10 01 01 04 d9 04 01 11  ................
 +00:26.255 > 1b10  10 01 01 04 d9 04 01 11 10 01 01 04 d9 04 01 11  ................
 +00:26.464 > 1b20  10 01 01 04 d9 04 01 11 10 01 01 04 d9 04 01 11  ................
 +00:26.672 > 1b30  10 01 01 04 d9 04 01 11 10 01 01 04 d9 04 01 11  ................
 +00:26.865 > 1b40  10 01 01 04 d9 04 01 11 10 01 01 04 d9 04 01 11  ................
 +00:27.073 > 1b50  10 01 01 04 d9 04 01 11 10 01 01 04 d9 04 01 11  ................
 +00:27.282 > 1b60  10 01 01 04 d9 04 01 11 10 01 01 04 d9 04 01 11  ................
 +00:27.491 > 1b70  10 01 01 04 d9 04 01 11 10 01 01 04 d9 04 01 11  ................
 +00:27.683 > 1b80  10 01 01 04 d9 04 01 11 10 01 01 04 d9 04 01 11  ................
 +00:27.892 > 1b90  10 01 01 04 d9 04 01 11 10 01 01 04 d9 04 01 11  ................
 +00:28.101 > 1ba0  10 01 01 04 d9 04 01 11 10 01 01 04 d9 04 01 11  ................
 +00:28.309 > 1bb0  10 01 01 04 d9 04 01 11 10 01 01 04 d9 04 01 11  ................
 +00:28.534 > 1bc0  10 01 01 04 d9 04 01 11 10 01 01 04 d9 04 01 11  ................
 +00:28.743 > 1bd0  10 01 01 04 d9 04 01 11 10 01 01 04 d9 04 01 11  ................
 +00:28.951 > 1be0  10 01 01 04 d9 04 01 11 10 01 01 04 d9 04 01 11  ................
 +00:29.160 > 1bf0  10 01 01 04 d9 04 01 11 10 01 01 04 d9 04 01 11  ................
 +00:29.369 > 1c00  10 01 01 04 d9 04 01 11 10 01 01 04 d9 04 01 11  ................
 +00:29.577 > 1c10  10 01 01 04 d9 04 01 11 10 01 01 04 d9 04 01 11  ................
 +00:29.770 > 1c20  10 01 01 04 d9 04 01 11 10 01 01 04 d9 04 01 11  ................
 +00:29.978 > 1c30  10 01 01 04 d9 04 01 11 10 01 01 04 d9 04 01 11  ................
 +00:30.187 > 1c40  10 01 01 04 d9 04 01 11 10 01 01 04 d9 04 01 11  ................
 +00:30.396 > 1c50  10 01 01 04 d9 04 01 11 10 01 01 04 d9 04 01 11  ................
 +00:30.588 > 1c60  10 01 01 04 d9 04 01 11 10 01 01 04 d9 04 01 11  ................
 +00:30.797 > 1c70  10 01 01 04 d9 04 01 11 10 01 01 04 d9 04 01 11  ................
 +00:31.006 > 1c80  10 01 01 04 d9 04 01 11 10 01 01 04 d9 04 01 11  ................
 +00:31.214 > 1c90  10 01 01 04 d9 04 01 11 10 01 01 04 d9 04 01 11  ................
 +00:31.407 > 1ca0  10 01 01 04 d9 04 01 11 10 01 01 04 d9 04 01 11  ................
 +00:31.615 > 1cb0  10 01 01 04 d9 04 01 11 10 01 01 04 d9 04 01 11  ................
 +00:31.824 > 1cc0  10 01 01 04 d9 04 01 11 10 01 01 04 d9 04 01 11  ................
 +00:32.033 > 1cd0  10 01 01 04 d9 04 01 11 10 01 01 04 d9 04 01 11  ................
 +00:32.225 > 1ce0  10 01 01 04 d9 04 01 11 10 01 01 04 d9 04 01 11  ................
 +00:32.450 > 1cf0  10 01 01 04 d9 04 01 11 10 01 01 04 d9 04 01 11  ................
 +00:32.643 > 1d00  10 01 01 04 d9 04 01 11 10 01 01 04 d9 04 01 11  ................
 +00:32.851 > 1d10  10 01 01 04 d9 04 01 11 10 01 01 04 d9 04 01 11  ................
 +00:33.060 > 1d20  10 01 01 04 d9 04 01 11 10 01 01 04 d9 04 01 11  ................
 +00:33.269 > 1d30  10 01 01 04 d9 04 01 11 10 01 01 04 d9 04 01 11  ................
 +00:33.477 > 1d40  10 01 01 04 d9 04 01 11 10 01 01 04 d9 04 01 11  ................
 +00:33.686 > 1d50  10 01 01 04 d9 04 01 11 10 01 01 04 d9 04 01 11  ................
 +00:33.879 > 1d60  10 01 01 04 d9 04 01 11 10 01 01 04 d9 04 01 11  ................
 +00:34.087 > 1d70  10 01 01 04 d9 04 01 11 10 01 01 04 d9 04 01 11  ................
 +00:34.296 > 1d80  10 01 01 04 d9 04 01 11 10 01 01 04 d9 04 01 11  ................
 +00:34.504 > 1d90  10 01 01 04 d9 04 01 11 10 01 01 04 d9 04 01 11  ................
 +00:34.697 > 1da0  10 01 01 04 d9 04 01 11 10 01 01 04 d9 04 01 11  ................
 +00:34.906 > 1db0  10 01 01 04 d9 04 01 11 10 01 01 04 d9 04 01 11  ................
 +00:35.114 > 1dc0  10 01 01 04 d9 04 01 11 10 01 01 04 d9 04 01 11  ................
 +00:35.323 > 1dd0  10 01 01 04 d9 04 01 11 10 01 01 04 d9 04 01 11  ................
 +00:35.532 > 1de0  10 01 01 04 d9 04 01 11 10 01 01 04 d9 04 01 11  ................
 +00:35.740 > 1df0  10 01 01 04 d9 04 01 11 10 01 01 04 d9 04 01 11  ................
 +00:35.933 > 1e00  10 01 01 04 d9 04 01 11 10 01 01 04 d9 04 01 11  ................
 +00:36.142 > 1e10  10 01 01 04 d9 04 01 11 10 01 01 04 d9 04 01 11  ................
 +00:36.350 > 1e20  10 01 01 04 d9 04 01 11 10 01 01 04 d9 04 01 11  ................
 +00:36.559 > 1e30  10 01 01 04 d9 04 01 11 10 01 01 04 d9 04 01 11  ................
 +00:36.767 > 1e40  10 01 01 04 d9 04 01 11 10 01 01 04 d9 04 01 11  ................
 +00:36.976 > 1e50  10 01 01 04 d9 04 01 11 10 01 01 04 d9 04 01 11  ................
 +00:37.169 > 1e60  10 01 01 04 d9 04 01 11 10 01 01 04 d9 04 01 11  ................
 +00:37.377 > 1e70  10 01 01 04 d9 04 01 11 10 01 01 04 d9 04 01 11  ................
 +00:37.586 > 1e80  10 01 01 04 d9 04 01 11 10 01 01 04 d9 04 01 11  ................
 +00:37.795 > 1e90  10 01 01 04 d9 04 01 11 10 01 01 04 d9 04 01 11  ................
 +00:37.987 > 1ea0  10 01 01 04 d9 04 01 11 10 01 01 04 d9 04 01 11  ................
 +00:38.212 > 1eb0  10 01 01 04 d9 04 01 11 10 01 01 04 d9 04 01 11  ................
 +00:38.437 > 1ec0  10 01 01 04 d9 04 01 11 10 01 01 04 d9 04 01 11  ................
 +00:38.645 > 1ed0  10 01 01 04 d9 04 01 11 10 01 01 04 d9 04 01 11  ................
 +00:38.854 > 1ee0  10 01 01 04 d9 04 01 11 10 01 01 04 d9 04 01 11  ................
 +00:39.063 > 1ef0  10 01 01 04 d9 04 01 11 10 01 01 04 d9 04 01 11  ................
 +00:39.271 > 1f00  10 01 01 04 d9 04 01 11 10 01 01 04 d9 04 01 11  ................
 +00:39.480 > 1f10  10 01 01 04 d9 04 01 11 10 01 01 04 d9 04 01 11  ................
 +00:39.672 > 1f20  10 01 01 04 d9 04 01 11 10 01 01 04 d9 04 01 11  ................
 +00:39.881 > 1f30  10 01 01 04 d9 04 01 11 10 01 01 04 d9 04 01 11  ................
 +00:40.090 > 1f40  10 01 01 04 d9 04 01 11 10 01 01 04 d9 04 01 11  ................
 +00:40.298 > 1f50  10 01 01 04 d9 04 01 11 10 01 01 04 d9 04 01 11  ................
 +00:40.491 > 1f60  10 01 01 04 d9 04 01 11 10 01 01 04 d9 04 01 11  ................
 +00:40.700 > 1f70  10 01 01 04 d9 04 01 11 10 01 01 04 d9 04 01 11  ................
 +00:40.908 > 1f80  10 01 01 04 d9 04 01 11 10 01 01 04 d9 04 01 11  ................
 +00:41.117 > 1f90  10 01 01 04 d9 04 01 11 10 01 01 04 d9 04 01 11  ................
 +00:41.309 > 1fa0  10 01 01 04 d9 04 01 11 10 01 01 04 d9 04 01 11  ................
 +00:41.534 > 1fb0  10 01 01 04 d9 04 01 11 10 01 01 04 d9 04 01 11  ................
 +00:41.727 > 1fc0  10 01 01 04 d9 04 01 11 10 01 01 04 d9 04 01 11  ................
 +00:41.935 > 1fd0  10 01 01 04 d9 04 01 11 10 01 01 04 d9 04 01 11  ................
 +00:42.144 > 1fe0  10 01 01 04 d9 04 01 11 10 01 01 04 d9 04 01 11  ................
 +00:42.353 > 1ff0  10 01 01 04 d9 04 01 11 10 01 01 04 d9 04 01 11  ................
 +00:42.545 > 2000  10 01 01 04 d9 04 01 11 10 01 01 04 d9 04 01 11  ................
 +00:42.770 > 2010  10 01 01 04 d9 04 01 11 10 01 01 04 d9 04 01 11  ................
 +00:42.963 > 2020  10 01 01 04 d9 04 01 11 10 01 01 04 d9 04 01 11  ................
 +00:43.171 > 2030  10 01 01 04 d9 04 01 11 10 01 01 04 d9 04 01 11  ................
 +00:43.380 > 2040  10 01 01 04 d9 04 01 11 10 01 01 04 d9 04 01 11  ................
 +00:43.588 > 2050  10 01 01 04 d9 04 01 11 10 01 01 04 d9 04 01 11  ................
 +00:43.781 > 2060  10 01 01 04 d9 04 01 11 10 01 01 04 d9 04 01 11  ................
 +00:43.990 > 2070  10 01 01 04 d9 04 01 11 10 01 01 04 d9 04 01 11  ................
 +00:44.198 > 2080  10 01 01 04 d9 04 01 11 10 01 01 04 d9 04 01 11  ................
 +00:44.407 > 2090  10 01 01 04 d9 04 01 11 10 01 01 04 d9 04 01 11  ................
 +00:44.600 > 20a0  10 01 01 04 d9 04 01 11 10 01 01 04 d9 04 01 11  ................
 +00:44.712 > 20b0  10 01 01 04 d9 04 01 11 10 01 01 04 d9 04        ..............

 +00:44.779   Port COM6 closed
