 +00:00.000   Session started

 +00:00.028   [+] Opened port COM6 baud: 38400 bps DTR: off RTS: off DSR: off CTS: off 

 +00:02.146 > 0000  01 01 10 01 05 02 50 69 6e 67 59 04 01 02 10 01  ......PingY.....
 +00:02.194 > 0010  05 02 50 69 6e 67 58 04 01 03 10 01 05 02 50 69  ..PingX.......Pi
 +00:02.258 > 0020  6e 67 57 04 01 04 10 01 05 02 50 69 6e 67 56 04  ngW.......PingV.
 +00:02.354 > 0030  01 05 10 01 05 02 50 69 6e 67 55 04 01 06 10 01  ......PingU.....
 +00:02.402 > 0040  05 02 50 69 6e 67 54 04 01 07 10 01 05 02 50 69  ..PingT.......Pi
 +00:02.451 > 0050  6e 67 53 04 01 08 10 01 05 02 50 69 6e 67 52 04  ngS.......PingR.
 +00:02.563 > 0060  01 09 10 01 05 02 50 69 6e 67 51 04 01 0a 10 01  ......PingQ.....
 +00:02.627 > 0070  05 02 50 69 6e 67 50 04 01 0b 10 01 05 02 50 69  ..PingP.......Pi
 +00:02.675 > 0080  6e 67 4f 04 01 0c 10 01 05 02 50 69 6e 67 4e 04  ngO.......PingN.
 +00:02.772 > 0090  01 0d 10 01 05 02 50 69 6e 67 4d 04 01 0e 10 01  ......PingM.....
 +00:02.820 > 00a0  05 02 50 69 6e 67 4c 04 01 0f 10 01 05 02 50 69  ..PingL.......Pi
 +00:02.884 > 00b0  6e 67 4b 04 01 11 10 01 05 02 50 69 6e 67 49 04  ngK.......PingI.
 +00:02.980 > 00c0  01 12 10 01 05 02 50 69 6e 67 48 04 01 13 10 01  ......PingH.....
 +00:03.028 > 00d0  05 02 50 69 6e 67 47 04 01 14 10 01 05 02 50 69  ..PingG.......Pi
 +00:03.076 > 00e0  6e 67 46 04 01 15 10 01 05 02 50 69 6e 67 45 04  ngF.......PingE.
 +00:03.189 > 00f0  01 16 10 01 05 02 50 69 6e 67 44 04 01 17 10 01  ......PingD.....
 +00:03.237 > 0100  05 02 50 69 6e 67 43 04 01 18 10 01 05 02 50 69  ..PingC.......Pi
 +00:03.285 > 0110  6e 67 42 04 01 19 10 01 05 02 50 69 6e 67 41 04  ngB.......PingA.
 +00:03.397 > 0120  01 1a 10 01 05 02 50 69 6e 67 40 04 01 1b 10 01  ......Ping@.....
 +00:03.446 > 0130  05 02 50 69 6e 67 3f 04 01 1c 10 01 05 02 50 69  ..Ping?.......Pi
 +00:03.510 > 0140  6e 67 3e 04 01 1d 10 01 05 02 50 69 6e 67 3d 04  ng>.......Ping=.
 +00:03.606 > 0150  01 1e 10 01 05 02 50 69 6e 67 3c 04 01 1f 10 01  ......Ping<.....
 +00:08.726 > 0160  05 02 50 69 6e 67 3b 04 01 01 10 01 05 02 50 69  ..Ping;.......Pi
 +00:08.774 > 0170  6e 67 59 04 01 02 10 01 05 02 50 69 6e 67 58 04  ngY.......PingX.
 +00:08.870 > 0180  01 03 10 01 05 02 50 69 6e 67 57 04 01 04 10 01  ......PingW.....
 +00:08.918 > 0190  05 02 50 69 6e 67 56 04 01 05 10 01 05 02 50 69  ..PingV.......Pi
 +00:08.967 > 01a0  6e 67 55 04 01 06 10 01 05 02 50 69 6e 67 54 04  ngU.......PingT.
 +00:09.063 > 01b0  01 07 10 01 05 02 50 69 6e 67 53 04 01 08 10 01  ......PingS.....
 +00:09.127 > 01c0  05 02 50 69 6e 67 52 04 01 09 10 01 05 02 50 69  ..PingR.......Pi
 +00:09.175 > 01d0  6e 67 51 04 01 0a 10 01 05 02 50 69 6e 67 50 04  ngQ.......PingP.
 +00:09.272 > 01e0  01 0b 10 01 05 02 50 69 6e 67 4f 04 01 0c 10 01  ......PingO.....
 +00:09.320 > 01f0  05 02 50 69 6e 67 4e 04 01 0d 10 01 05 02 50 69  ..PingN.......Pi
 +00:09.368 > 0200  6e 67 4d 04 01 0e 10 01 05 02 50 69 6e 67 4c 04  ngM.......PingL.
 +00:09.464 > 0210  01 0f 10 01 05 02 50 69 6e 67 4b 04 01 11 10 01  ......PingK.....
 +00:09.512 > 0220  05 02 50 69 6e 67 49 04 01 12 10 01 05 02 50 69  ..PingI.......Pi
 +00:09.577 > 0230  6e 67 48 04 01 13 10 01 05 02 50 69 6e 67 47 04  ngH.......PingG.
 +00:09.673 > 0240  01 14 10 01 05 02 50 69 6e 67 46 04 01 15 10 01  ......PingF.....
 +00:09.721 > 0250  05 02 50 69 6e 67 45 04 01 16 10 01 05 02 50 69  ..PingE.......Pi
 +00:09.785 > 0260  6e 67 44 04 01 17 10 01 05 02 50 69 6e 67 43 04  ngD.......PingC.
 +00:09.881 > 0270  01 18 10 01 05 02 50 69 6e 67 42 04 01 19 10 01  ......PingB.....
 +00:09.930 > 0280  05 02 50 69 6e 67 41 04 01 1a 10 01 05 02 50 69  ..PingA.......Pi
 +00:09.978 > 0290  6e 67 40 04 01 1b 10 01 05 02 50 69 6e 67 3f 04  ng@.......Ping?.
 +00:10.074 > 02a0  01 1c 10 01 05 02 50 69 6e 67 3e 04 01 1d 10 01  ......Ping>.....
 +00:10.122 > 02b0  05 02 50 69 6e 67 3d 04 01 1e 10 01 05 02 50 69  ..Ping=.......Pi
 +00:10.186 > 02c0  6e 67 3c 04 01 1f 10 01 05 02 50 69 6e 67 3b 04  ng<.......Ping;.
 +00:15.338 > 02d0  01 01 10 01 05 02 50 69 6e 67 59 04 01 02 10 01  ......PingY.....
 +00:15.419 > 02e0  05 02 50 69 6e 67 58 04 01 03 10 01 05 02 50 69  ..PingX.......Pi
 +00:15.483 > 02f0  6e 67 57 04 01 04 10 01 05 02 50 69 6e 67 56 04  ngW.......PingV.
 +00:15.579 > 0300  01 05 10 01 05 02 50 69 6e 67 55 04 01 06 10 01  ......PingU.....
 +00:15.627 > 0310  05 02 50 69 6e 67 54 04 01 07 10 01 05 02 50 69  ..PingT.......Pi
 +00:15.691 > 0320  6e 67 53 04 01 08 10 01 05 02 50 69 6e 67 52 04  ngS.......PingR.
 +00:15.788 > 0330  01 09 10 01 05 02 50 69 6e 67 51 04 01 0a 10 01  ......PingQ.....
 +00:15.836 > 0340  05 02 50 69 6e 67 50 04 01 0b 10 01 05 02 50 69  ..PingP.......Pi
 +00:15.884 > 0350  6e 67 4f 04 01 0c 10 01 05 02 50 69 6e 67 4e 04  ngO.......PingN.
 +00:15.996 > 0360  01 0d 10 01 05 02 50 69 6e 67 4d 04 01 0e 10 01  ......PingM.....
 +00:16.061 > 0370  05 02 50 69 6e 67 4c 04 01 0f 10 01 05 02 50 69  ..PingL.......Pi
 +00:16.109 > 0380  6e 67 4b 04 01 11 10 01 05 02 50 69 6e 67 49 04  ngK.......PingI.
 +00:16.221 > 0390  01 12 10 01 05 02 50 69 6e 67 48 04 01 13 10 01  ......PingH.....
 +00:16.269 > 03a0  05 02 50 69 6e 67 47 04 01 14 10 01 05 02 50 69  ..PingG.......Pi
 +00:16.317 > 03b0  6e 67 46 04 01 15 10 01 05 02 50 69 6e 67 45 04  ngF.......PingE.
 +00:16.414 > 03c0  01 16 10 01 05 02 50 69 6e 67 44 04 01 17 10 01  ......PingD.....
 +00:16.478 > 03d0  05 02 50 69 6e 67 43 04 01 18 10 01 05 02 50 69  ..PingC.......Pi
 +00:16.526 > 03e0  6e 67 42 04 01 19 10 01 05 02 50 69 6e 67 41 04  ngB.......PingA.
 +00:16.622 > 03f0  01 1a 10 01 05 02 50 69 6e 67 40 04 01 1b 10 01  ......Ping@.....
 +00:16.687 > 0400  05 02 50 69 6e 67 3f 04 01 1c 10 01 05 02 50 69  ..Ping?.......Pi
 +00:16.751 > 0410  6e 67 3e 04 01 1d 10 01 05 02 50 69 6e 67 3d 04  ng>.......Ping=.
 +00:16.847 > 0420  01 1e 10 01 05 02 50 69 6e 67 3c 04 01 1f 10 01  ......Ping<.....
 +00:21.967 > 0430  05 02 50 69 6e 67 3b 04 01 01 10 01 05 02 50 69  ..Ping;.......Pi
 +00:22.031 > 0440  6e 67 59 04 01 02 10 01 05 02 50 69 6e 67 58 04  ngY.......PingX.
 +00:22.127 > 0450  01 03 10 01 05 02 50 69 6e 67 57 04 01 04 10 01  ......PingW.....
 +00:22.175 > 0460  05 02 50 69 6e 67 56 04 01 05 10 01 05 02 50 69  ..PingV.......Pi
 +00:22.240 > 0470  6e 67 55 04 01 06 10 01 05 02 50 69 6e 67 54 04  ngU.......PingT.
 +00:22.352 > 0480  01 07 10 01 05 02 50 69 6e 67 53 04 01 08 10 01  ......PingS.....
 +00:22.400 > 0490  05 02 50 69 6e 67 52 04 01 09 10 01 05 02 50 69  ..PingR.......Pi
 +00:22.448 > 04a0  6e 67 51 04 01 0a 10 01 05 02 50 69 6e 67 50 04  ngQ.......PingP.
 +00:22.545 > 04b0  01 0b 10 01 05 02 50 69 6e 67 4f 04 01 0c 10 01  ......PingO.....
 +00:22.625 > 04c0  05 02 50 69 6e 67 4e 04 01 0d 10 01 05 02 50 69  ..PingN.......Pi
 +00:22.673 > 04d0  6e 67 4d 04 01 0e 10 01 05 02 50 69 6e 67 4c 04  ngM.......PingL.
 +00:22.769 > 04e0  01 0f 10 01 05 02 50 69 6e 67 4b 04 01 11 10 01  ......PingK.....
 +00:22.817 > 04f0  05 02 50 69 6e 67 49 04 01 12 10 01 05 02 50 69  ..PingI.......Pi
 +00:22.882 > 0500  6e 67 48 04 01 13 10 01 05 02 50 69 6e 67 47 04  ngH.......PingG.
 +00:22.994 > 0510  01 14 10 01 05 02 50 69 6e 67 46 04 01 15 10 01  ......PingF.....
 +00:23.042 > 0520  05 02 50 69 6e 67 45 04 01 16 10 01 05 02 50 69  ..PingE.......Pi
 +00:23.090 > 0530  6e 67 44 04 01 17 10 01 05 02 50 69 6e 67 43 04  ngD.......PingC.
 +00:23.203 > 0540  01 18 10 01 05 02 50 69 6e 67 42 04 01 19 10 01  ......PingB.....
 +00:23.251 > 0550  05 02 50 69 6e 67 41 04 01 1a 10 01 05 02 50 69  ..PingA.......Pi
 +00:23.299 > 0560  6e 67 40 04 01 1b 10 01 05 02 50 69 6e 67 3f 04  ng@.......Ping?.
 +00:23.411 > 0570  01 1c 10 01 05 02 50 69 6e 67 3e 04 01 1d 10 01  ......Ping>.....
 +00:23.459 > 0580  05 02 50 69 6e 67 3d 04 01 1e 10 01 05 02 50 69  ..Ping=.......Pi
 +00:23.508 > 0590  6e 67 3c 04 01 1f 10 01 05 02 50 69 6e 67 3b 04  ng<.......Ping;.
 +00:28.708 > 05a0  01 01 10 01 05 02 50 69 6e 67 59 04 01 02 10 01  ......PingY.....
 +00:28.756 > 05b0  05 02 50 69 6e 67 58 04 01 03 10 01 05 02 50 69  ..PingX.......Pi
 +00:28.820 > 05c0  6e 67 57 04 01 04 10 01 05 02 50 69 6e 67 56 04  ngW.......PingV.
 +00:28.916 > 05d0  01 05 10 01 05 02 50 69 6e 67 55 04 01 06 10 01  ......PingU.....
 +00:28.981 > 05e0  05 02 50 69 6e 67 54 04 01 07 10 01 05 02 50 69  ..PingT.......Pi
 +00:29.029 > 05f0  6e 67 53 04 01 08 10 01 05 02 50 69 6e 67 52 04  ngS.......PingR.
 +00:29.125 > 0600  01 09 10 01 05 02 50 69 6e 67 51 04 01 0a 10 01  ......PingQ.....
 +00:29.173 > 0610  05 02 50 69 6e 67 50 04 01 0b 10 01 05 02 50 69  ..PingP.......Pi
 +00:29.237 > 0620  6e 67 4f 04 01 0c 10 01 05 02 50 69 6e 67 4e 04  ngO.......PingN.
 +00:29.350 > 0630  01 0d 10 01 05 02 50 69 6e 67 4d 04 01 0e 10 01  ......PingM.....
 +00:29.398 > 0640  05 02 50 69 6e 67 4c 04 01 0f 10 01 05 02 50 69  ..PingL.......Pi
 +00:29.446 > 0650  6e 67 4b 04 01 11 10 01 05 02 50 69 6e 67 49 04  ngK.......PingI.
 +00:29.558 > 0660  01 12 10 01 05 02 50 69 6e 67 48 04 01 13 10 01  ......PingH.....
 +00:29.622 > 0670  05 02 50 69 6e 67 47 04 01 14 10 01 05 02 50 69  ..PingG.......Pi
 +00:29.671 > 0680  6e 67 46 04 01 15 10 01 05 02 50 69 6e 67 45 04  ngF.......PingE.
 +00:29.767 > 0690  01 16 10 01 05 02 50 69 6e 67 44 04 01 17 10 01  ......PingD.....
 +00:29.831 > 06a0  05 02 50 69 6e 67 43 04 01 18 10 01 05 02 50 69  ..PingC.......Pi
 +00:29.880 > 06b0  6e 67 42 04 01 19 10 01 05 02 50 69 6e 67 41 04  ngB.......PingA.
 +00:29.976 > 06c0  01 1a 10 01 05 02 50 69 6e 67 40 04 01 1b 10 01  ......Ping@.....
 +00:30.040 > 06d0  05 02 50 69 6e 67 3f 04 01 1c 10 01 05 02 50 69  ..Ping?.......Pi
 +00:30.104 > 06e0  6e 67 3e 04 01 1d 10 01 05 02 50 69 6e 67 3d 04  ng>.......Ping=.
 +00:30.200 > 06f0  01 1e 10 01 05 02 50 69 6e 67 3c 04 01 1f 10 01  ......Ping<.....
 +00:35.336 > 0700  05 02 50 69 6e 67 3b 04 01 01 10 01 05 02 50 69  ..Ping;.......Pi
 +00:35.400 > 0710  6e 67 59 04 01 02 10 01 05 02 50 69 6e 67 58 04  ngY.......PingX.
 +00:35.497 > 0720  01 03 10 01 05 02 50 69 6e 67 57 04 01 04 10 01  ......PingW.....
 +00:35.545 > 0730  05 02 50 69 6e 67 56 04 01 05 10 01 05 02 50 69  ..PingV.......Pi
 +00:35.593 > 0740  6e 67 55 04 01 06 10 01 05 02 50 69 6e 67 54 04  ngU.......PingT.
 +00:35.722 > 0750  01 07 10 01 05 02 50 69 6e 67 53 04 01 08 10 01  ......PingS.....
 +00:35.769 > 0760  05 02 50 69 6e 67 52 04 01 09 10 01 05 02 50 69  ..PingR.......Pi
 +00:35.818 > 0770  6e 67 51 04 01 0a 10 01 05 02 50 69 6e 67 50 04  ngQ.......PingP.
 +00:35.930 > 0780  01 0b 10 01 05 02 50 69 6e 67 4f 04 01 0c 10 01  ......PingO.....
 +00:35.978 > 0790  05 02 50 69 6e 67 4e 04 01 0d 10 01 05 02 50 69  ..PingN.......Pi
 +00:36.042 > 07a0  6e 67 4d 04 01 0e 10 01 05 02 50 69 6e 67 4c 04  ngM.......PingL.
 +00:36.139 > 07b0  01 0f 10 01 05 02 50 69 6e 67 4b 04 01 11 10 01  ......PingK.....
 +00:36.203 > 07c0  05 02 50 69 6e 67 49 04 01 12 10 01 05 02 50 69  ..PingI.......Pi
 +00:36.251 > 07d0  6e 67 48 04 01 13 10 01 05 02 50 69 6e 67 47 04  ngH.......PingG.
 +00:36.363 > 07e0  01 14 10 01 05 02 50 69 6e 67 46 04 01 15 10 01  ......PingF.....
 +00:36.411 > 07f0  05 02 50 69 6e 67 45 04 01 16 10 01 05 02 50 69  ..PingE.......Pi
 +00:36.476 > 0800  6e 67 44 04 01 17 10 01 05 02 50 69 6e 67 43 04  ngD.......PingC.
 +00:36.572 > 0810  01 18 10 01 05 02 50 69 6e 67 42 04 01 19 10 01  ......PingB.....
 +00:36.620 > 0820  05 02 50 69 6e 67 41 04 01 1a 10 01 05 02 50 69  ..PingA.......Pi
 +00:36.668 > 0830  6e 67 40 04 01 1b 10 01 05 02 50 69 6e 67 3f 04  ng@.......Ping?.
 +00:36.797 > 0840  01 1c 10 01 05 02 50 69 6e 67 3e 04 01 1d 10 01  ......Ping>.....
 +00:36.845 > 0850  05 02 50 69 6e 67 3d 04 01 1e 10 01 05 02 50 69  ..Ping=.......Pi
 +00:36.909 > 0860  6e 67 3c 04 01 1f 10 01 05 02 50 69 6e 67 3b 04  ng<.......Ping;.
 +00:42.077 > 0870  01 01 10 01 05 02 50 69 6e 67 59 04 01 02 10 01  ......PingY.....
 +00:42.157 > 0880  05 02 50 69 6e 67 58 04 01 03 10 01 05 02 50 69  ..PingX.......Pi
 +00:42.205 > 0890  6e 67 57 04 01 04 10 01 05 02 50 69 6e 67 56 04  ngW.......PingV.
 +00:42.318 > 08a0  01 05 10 01 05 02 50 69 6e 67 55 04 01 06 10 01  ......PingU.....
 +00:42.398 > 08b0  05 02 50 69 6e 67 54 04 01 07 10 01 05 02 50 69  ..PingT.......Pi
 +00:42.446 > 08c0  6e 67 53 04 01 08 10 01 05 02 50 69 6e 67 52 04  ngS.......PingR.
 +00:42.542 > 08d0  01 09 10 01 05 02 50 69 6e 67 51 04 01 0a 10 01  ......PingQ.....
 +00:42.590 > 08e0  05 02 50 69 6e 67 50 04 01 0b 10 01 05 02 50 69  ..PingP.......Pi
 +00:42.671 > 08f0  6e 67 4f 04 01 0c 10 01 05 02 50 69 6e 67 4e 04  ngO.......PingN.
 +00:42.768 > 0900  01 0d 10 01 05 02 50 69 6e 67 4d 04 01 0e 10 01  ......PingM.....
 +00:42.815 > 0910  05 02 50 69 6e 67 4c 04 01 0f 10 01 05 02 50 69  ..PingL.......Pi
 +00:42.879 > 0920  6e 67 4b 04 01 11 10 01 05 02 50 69 6e 67 49 04  ngK.......PingI.
 +00:42.976 > 0930  01 12 10 01 05 02 50 69 6e 67 48 04 01 13 10 01  ......PingH.....
 +00:43.040 > 0940  05 02 50 69 6e 67 47 04 01 14 10 01 05 02 50 69  ..PingG.......Pi
 +00:43.088 > 0950  6e 67 46 04 01 15 10 01 05 02 50 69 6e 67 45 04  ngF.......PingE.
 +00:43.200 > 0960  01 16 10 01 05 02 50 69 6e 67 44 04 01 17 10 01  ......PingD.....
 +00:43.249 > 0970  05 02 50 69 6e 67 43 04 01 18 10 01 05 02 50 69  ..PingC.......Pi
 +00:43.313 > 0980  6e 67 42 04 01 19 10 01 05 02 50 69 6e 67 41 04  ngB.......PingA.
 +00:43.409 > 0990  01 1a 10 01 05 02 50 69 6e 67 40 04 01 1b 10 01  ......Ping@.....
 +00:43.473 > 09a0  05 02 50 69 6e 67 3f 04 01 1c 10 01 05 02 50 69  ..Ping?.......Pi
 +00:43.521 > 09b0  6e 67 3e 04 01 1d 10 01 05 02 50 69 6e 67 3d 04  ng>.......Ping=.
 +00:43.618 > 09c0  01 1e 10 01 05 02 50 69 6e 67 3c 04 01 1f 10 01  ......Ping<.....
 +00:48.738 > 09d0  05 02 50 69 6e 67 3b 04 01 01 10 01 05 02 50 69  ..Ping;.......Pi
 +00:48.786 > 09e0  6e 67 59 04 01 02 10 01 05 02 50 69 6e 67 58 04  ngY.......PingX.
 +00:48.898 > 09f0  01 03 10 01 05 02 50 69 6e 67 57 04 01 04 10 01  ......PingW.....
 +00:48.946 > 0a00  05 02 50 69 6e 67 56 04 01 05 10 01 05 02 50 69  ..PingV.......Pi
 +00:48.994 > 0a10  6e 67 55 04 01 06 10 01 05 02 50 69 6e 67 54 04  ngU.......PingT.
 +00:49.091 > 0a20  01 07 10 01 05 02 50 69 6e 67 53 04 01 08 10 01  ......PingS.....
 +00:49.139 > 0a30  05 02 50 69 6e 67 52 04 01 09 10 01 05 02 50 69  ..PingR.......Pi
 +00:49.187 > 0a40  6e 67 51 04 01 0a 10 01 05 02 50 69 6e 67 50 04  ngQ.......PingP.
 +00:49.299 > 0a50  01 0b 10 01 05 02 50 69 6e 67 4f 04 01 0c 10 01  ......PingO.....
 +00:49.347 > 0a60  05 02 50 69 6e 67 4e 04 01 0d 10 01 05 02 50 69  ..PingN.......Pi
 +00:49.395 > 0a70  6e 67 4d 04 01 0e 10 01 05 02 50 69 6e 67 4c 04  ngM.......PingL.
 +00:49.492 > 0a80  01 0f 10 01 05 02 50 69 6e 67 4b 04 01 11 10 01  ......PingK.....
 +00:49.540 > 0a90  05 02 50 69 6e 67 49 04 01 12 10 01 05 02 50 69  ..PingI.......Pi
 +00:49.588 > 0aa0  6e 67 48 04 01 13 10 01 05 02 50 69 6e 67 47 04  ngH.......PingG.
 +00:49.684 > 0ab0  01 14 10 01 05 02 50 69 6e 67 46 04 01 15 10 01  ......PingF.....
 +00:49.749 > 0ac0  05 02 50 69 6e 67 45 04 01 16 10 01 05 02 50 69  ..PingE.......Pi
 +00:49.797 > 0ad0  6e 67 44 04 01 17 10 01 05 02 50 69 6e 67 43 04  ngD.......PingC.
 +00:49.893 > 0ae0  01 18 10 01 05 02 50 69 6e 67 42 04 01 19 10 01  ......PingB.....
 +00:49.941 > 0af0  05 02 50 69 6e 67 41 04 01 1a 10 01 05 02 50 69  ..PingA.......Pi
 +00:49.989 > 0b00  6e 67 40 04 01 1b 10 01 05 02 50 69 6e 67 3f 04  ng@.......Ping?.
 +00:50.086 > 0b10  01 1c 10 01 05 02 50 69 6e 67 3e 04 01 1d 10 01  ......Ping>.....
 +00:50.150 > 0b20  05 02 50 69 6e 67 3d 04 01 1e 10 01 05 02 50 69  ..Ping=.......Pi
 +00:50.198 > 0b30  6e 67 3c 04 01 1f 10 01 05 02 50 69 6e 67 3b 04  ng<.......Ping;.

 +00:53.771   Port COM6 closed
